0
1
2
3
4
5
6
7
8
9
10
11
12
13
14
15
16
17
18
19
20
21
22
23
24
25
26
27
28
29
30
31
32
33
34
35
36
37
38
39
40
41
42
43
44
45
46
47
48
49
50
51
52
53
54
55
56
57
58
59
60
61
62
63
64
65
66
67
68
69
70
71
72
73
74
75
76
77
78
79
80
81
82
83
84
85
86
87
88
89
90
91
92
93
197
198
220
222
256
257
258
259
260
261
262
263
264
265
266
267
268
269
271
272
273
274
275
276
277
278
279
280
281
282
283
284
285
286
287
288
289
290
291
292
293
294
295
296
298
299
300
301
302
303
304
305
306
307
308
309
310
311
312
313
314
315
316
318
319
320
321
322
323
324
325
326
327
328
329
330
331
332
333
334
335
336
337
338
339
340
341
342
343
344
345
346
347
348
349
350
351
352
353
354
355
356
357
358
359
360
361
362
363
364
365
366
367
368
369
370
371
374
375
376
377
378
379
380
381
382
383
385
386
387
388
389
390
391
393
394
395
396
397
398
399
400
401
402
403
404
405
406
407
408
409
410
411
413
414
415
416
417
418
419
420
421
423
424
426
427
428
429
430
431
432
433
434
435
436
437
438
439
440
442
443
445
446
447
448
449
450
451
452
453
455
456
457
458
459
460
461
462
463
464
466
467
468
469
470
471
472
473
474
475
476
477
478
479
480
481
482
483
484
485
486
487
488
489
490
491
492
493
494
495
496
497
498
499
501
502
503
504
505
506
508
509
510
511
512
513
514
516
517
518
519
520
521
522
523
524
525
526
528
529
530
531
532
533
534
535
536
537
538
539
540
541
542
544
545
547
548
549
550
551
552
553
554
557
558
559
560
561
562
563
564
565
567
568
569
570
571
572
574
575
577
578
579
580
581
585
586
587
588
589
591
592
593
594
595
596
598
599
600
602
604
605
606
608
609
610
611
612
613
614
615
620
621
622
623
624
625
626
627
628
629
630
631
632
633
635
636
638
639
640
641
642
643
644
645
646
647
648
650
651
652
653
654
655
656
657
658
659
660
662
663
664
665
668
669
670
671
673
674
675
678
679
680
681
682
684
685
686
687
688
689
690
691
692
694
695
696
697
698
701
703
704
706
707
708
709
710
712
713
714
715
716
717
719
721
722
723
724
726
727
728
729
730
731
732
733
734
735
736
737
738
739
740
741
742
743
744
745
746
747
748
750
751
752
753
754
755
756
757
758
759
760
761
762
763
765
766
767
769
770
771
772
776
777
778
781
782
783
784
785
786
787
788
789
791
792
793
794
795
797
799
800
801
802
803
804
805
806
807
808
809
810
812
813
814
815
816
817
818
819
821
823
824
826
828
829
830
832
833
834
835
836
837
839
840
841
842
843
846
847
848
849
850
851
852
853
854
856
860
863
864
866
867
868
869
871
873
874
875
877
878
879
880
881
883
884
886
887
888
889
890
891
892
893
895
896
897
898
899
900
901
902
903
905
906
907
908
909
911
912
913
914
915
916
917
918
919
920
921
922
923
925
926
927
930
931
935
936
938
939
940
941
942
943
944
945
946
947
948
949
950
951
952
953
955
956
957
958
959
960
961
965
966
967
971
972
973
974
975
976
977
978
980
981
982
984
986
987
988
989
991
992
993
994
995
997
998
999
1000
1001
1002
1003
1004
1005
1006
1008
1009
1010
1011
1013
1014
1015
1016
1017
1019
1020
1021
1022
1025
1026
1027
1028
1029
1030
1031
1032
1034
1035
1037
1038
1039
1040
1042
1043
1044
1048
1049
1050
1052
1053
1054
1055
1056
1057
1058
1059
1060
1061
1062
1063
1064
1065
1066
1067
1068
1070
1071
1072
1073
1074
1076
1077
1079
1081
1083
1085
1086
1088
1089
1090
1091
1092
1094
1095
1097
1098
1099
1100
1101
1102
1103
1104
1105
1106
1109
1110
1112
1113
1114
1116
1117
1118
1120
1121
1122
1123
1124
1126
1129
1130
1132
1133
1134
1135
1137
1138
1139
1140
1141
1142
1143
1144
1145
1146
1148
1149
1151
1152
1153
1154
1156
1158
1159
1160
1162
1163
1164
1165
1167
1170
1171
1172
1173
1174
1175
1176
1178
1179
1180
1182
1184
1186
1187
1188
1189
1192
1193
1194
1196
1199
1200
1201
1202
1203
1204
1206
1209
1210
1211
1212
1217
1218
1219
1220
1221
1223
1224
1226
1227
1228
1229
1231
1234
1235
1236
1237
1238
1240
1242
1243
1245
1246
1248
1249
1250
1251
1253
1254
1255
1257
1258
1259
1260
1261
1262
1264
1265
1266
1267
1268
1269
1271
1272
1275
1277
1278
1280
1283
1284
1286
1287
1288
1289
1290
1293
1295
1297
1299
1300
1301
1302
1303
1304
1306
1307
1308
1310
1311
1313
1314
1315
1316
1318
1319
1320
1321
1322
1323
1324
1325
1326
1327
1328
1330
1331
1332
1333
1334
1335
1336
1338
1340
1341
1343
1344
1345
1347
1349
1350
1352
1353
1354
1355
1358
1360
1361
1362
1364
1365
1366
1367
1368
1370
1371
1373
1375
1376
1377
1379
1380
1381
1382
1385
1386
1387
1388
1391
1393
1394
1395
1396
1401
1402
1404
1405
1406
1407
1409
1410
1411
1412
1413
1414
1417
1419
1420
1421
1422
1423
1425
1426
1428
1429
1433
1434
1435
1436
1438
1439
1440
1441
1442
1443
1445
1446
1448
1449
1452
1453
1455
1456
1457
1458
1459
1461
1463
1464
1466
1467
1468
1469
1471
1472
1473
1474
1475
1478
1479
1481
1483
1484
1485
1487
1488
1489
1494
1495
1496
1497
1498
1500
1501
1502
1503
1505
1506
1508
1509
1510
1511
1513
1514
1515
1516
1518
1519
1520
1521
1524
1525
1526
1527
1528
1529
1531
1532
1533
1534
1535
1536
1537
1538
1540
1541
1542
1543
1546
1547
1548
1549
1550
1551
1552
1558
1559
1560
1562
1563
1565
1566
1567
1569
1572
1574
1575
1576
1577
1580
1581
1584
1588
1589
1590
1591
1592
1593
1595
1596
1597
1599
1602
1603
1605
1607
1608
1609
1610
1611
1617
1618
1619
1620
1622
1623
1625
1626
1627
1628
1630
1631
1633
1634
1635
1638
1639
1640
1642
1643
1644
1646
1647
1648
1650
1651
1652
1653
1654
1655
1656
1657
1658
1659
1660
1661
1662
1665
1666
1667
1669
1670
1671
1673
1674
1675
1676
1679
1680
1681
1682
1684
1685
1686
1687
1689
1690
1691
1692
1693
1696
1697
1698
1699
1701
1702
1705
1707
1711
1712
1714
1715
1716
1718
1719
1720
1721
1722
1723
1724
1726
1727
1728
1730
1732
1733
1734
1736
1737
1738
1741
1742
1743
1744
1745
1748
1749
1752
1753
1754
1756
1757
1760
1761
1762
1763
1764
1765
1767
1768
1769
1770
1771
1773
1777
1779
1780
1782
1783
1784
1785
1786
1787
1788
1791
1792
1793
1794
1795
1797
1798
1799
1801
1802
1803
1804
1805
1806
1807
1808
1809
1811
1814
1815
1817
1818
1821
1822
1824
1825
1826
1827
1828
1829
1830
1831
1833
1834
1835
1841
1844
1845
1846
1847
1848
1849
1850
1851
1852
1853
1855
1856
1857
1860
1864
1865
1866
1867
1869
1870
1871
1873
1874
1876
1877
1879
1881
1882
1883
1888
1889
1890
1891
1892
1897
1898
1899
1901
1902
1904
1905
1906
1908
1910
1911
1916
1917
1918
1919
1921
1923
1924
1925
1926
1927
1928
1929
1931
1932
1933
1938
1940
1941
1942
1943
1944
1945
1946
1947
1950
1951
1952
1953
1954
1956
1957
1958
1959
1960
1965
1966
1967
1968
1970
1971
1973
1975
1976
1977
1979
1981
1985
1987
1988
1989
1990
1992
1993
1994
1996
1998
1999
2000
2001
2002
2006
2007
2009
2010
2011
2012
2014
2015
2017
2018
2020
2021
2022
2028
2029
2034
2036
2037
2043
2044
2047
2048
2050
2053
2054
2056
2058
2059
2060
2061
2063
2064
2065
2068
2069
2070
2072
2073
2074
2075
2076
2077
2078
2080
2081
2082
2083
2084
2085
2086
2087
2088
2089
2090
2091
2093
2094
2096
2099
2100
2103
2104
2106
2107
2109
2112
2113
2114
2116
2117
2119
2121
2123
2124
2126
2127
2128
2129
2131
2132
2133
2134
2135
2136
2138
2140
2143
2144
2145
2146
2148
2149
2150
2152
2153
2158
2159
2160
2163
2164
2166
2167
2168
2171
2173
2174
2176
2177
2179
2181
2184
2185
2186
2187
2189
2190
2191
2192
2193
2194
2195
2197
2198
2200
2201
2203
2204
2205
2206
2208
2212
2213
2215
2216
2217
2218
2220
2222
2225
2227
2228
2231
2232
2233
2234
2235
2236
2238
2241
2243
2246
2247
2248
2250
2251
2252
2253
2254
2255
2257
2258
2259
2260
2261
2262
2264
2266
2267
2270
2271
2272
2275
2276
2277
2278
2279
2282
2288
2291
2293
2294
2297
2298
2299
2301
2302
2303
2304
2305
2306
2308
2309
2311
2312
2313
2315
2316
2318
2319
2320
2321
2323
2324
2325
2330
2332
2333
2334
2336
2338
2339
2342
2343
2344
2348
2349
2353
2354
2355
2356
2357
2359
2361
2362
2364
2366
2367
2368
2369
2372
2374
2376
2378
2379
2381
2387
2388
2390
2392
2393
2394
2396
2397
2399
2400
2402
2403
2404
2406
2407
2408
2410
2412
2413
2414
2416
2418
2420
2421
2423
2424
2425
2426
2427
2428
2429
2433
2434
2435
2437
2438
2440
2442
2443
2444
2445
2446
2447
2448
2450
2452
2456
2458
2459
2461
2466
2467
2468
2471
2472
2473
2475
2477
2480
2481
2482
2483
2484
2486
2487
2488
2490
2491
2492
2493
2496
2499
2500
2501
2503
2506
2507
2508
2510
2512
2513
2515
2516
2518
2519
2521
2523
2526
2528
2530
2531
2532
2533
2534
2535
2536
2538
2540
2541
2542
2543
2545
2548
2551
2552
2554
2556
2557
2559
2560
2561
2562
2564
2565
2567
2569
2571
2572
2573
2574
2575
2577
2581
2582
2583
2585
2586
2587
2589
2590
2591
2592
2594
2597
2598
2599
2600
2602
2603
2604
2605
2610
2612
2614
2615
2617
2621
2622
2623
2624
2626
2629
2630
2631
2632
2634
2639
2640
2641
2643
2645
2646
2649
2652
2653
2654
2659
2660
2661
2662
2663
2664
2665
2666
2668
2670
2673
2674
2675
2676
2677
2678
2680
2683
2685
2686
2691
2695
2697
2699
2700
2701
2702
2704
2705
2706
2707
2708
2711
2712
2713
2715
2716
2717
2719
2720
2721
2723
2725
2730
2731
2733
2736
2737
2738
2739
2741
2742
2743
2747
2748
2752
2754
2756
2757
2759
2763
2766
2767
2768
2769
2772
2774
2775
2777
2781
2782
2784
2785
2786
2787
2789
2790
2791
2792
2793
2794
2797
2798
2799
2800
2801
2803
2805
2806
2809
2814
2817
2818
2820
2821
2822
2823
2824
2826
2827
2829
2830
2831
2835
2836
2839
2842
2843
2844
2845
2846
2847
2848
2849
2850
2852
2857
2858
2860
2861
2864
2867
2869
2870
2871
2873
2874
2876
2877
2878
2879
2880
2884
2885
2887
2891
2892
2894
2895
2896
2897
2898
2900
2902
2904
2905
2909
2910
2911
2912
2913
2914
2918
2922
2923
2925
2926
2928
2929
2931
2932
2933
2937
2939
2940
2942
2943
2944
2945
2948
2949
2950
2951
2953
2957
2958
2960
2961
2962
2964
2966
2967
2968
2969
2970
2971
2972
2974
2975
2977
2978
2979
2980
2984
2985
2987
2988
2990
2992
2993
2994
2995
2996
2997
2998
2999
3001
3002
3004
3005
3008
3009
3010
3015
3016
3017
3018
3019
3022
3023
3024
3025
3026
3032
3033
3034
3035
3036
3038
3040
3041
3042
3043
3045
3047
3048
3049
3050
3051
3052
3053
3054
3055
3057
3058
3059
3060
3061
3063
3065
3067
3069
3070
3072
3074
3075
3077
3079
3081
3082
3084
3085
3086
3087
3088
3090
3091
3092
3095
3101
3102
3106
3107
3108
3109
3110
3111
3112
3113
3114
3118
3122
3124
3127
3129
3130
3131
3132
3133
3134
3136
3138
3140
3143
3144
3145
3146
3147
3149
3150
3151
3152
3153
3154
3155
3157
3158
3160
3161
3162
3163
3164
3165
3166
3168
3173
3175
3176
3179
3180
3181
3184
3186
3187
3189
3190
3191
3192
3193
3196
3197
3198
3200
3202
3203
3208
3212
3213
3214
3216
3218
3219
3222
3224
3225
3226
3228
3231
3232
3233
3234
3235
3237
3238
3242
3244
3246
3250
3252
3253
3254
3256
3258
3262
3264
3267
3269
3271
3273
3274
3276
3278
3281
3282
3283
3284
3285
3286
3289
3291
3292
3294
3295
3296
3297
3299
3300
3301
3302
3305
3307
3309
3310
3311
3312
3313
3314
3315
3316
3319
3322
3323
3325
3328
3330
3331
3332
3333
3335
3336
3337
3340
3343
3348
3349
3350
3354
3356
3357
3359
3361
3362
3364
3366
3367
3369
3370
3371
3374
3376
3377
3378
3380
3381
3382
3384
3385
3387
3388
3390
3391
3392
3393
3394
3395
3397
3398
3401
3402
3403
3404
3405
3407
3408
3409
3414
3415
3417
3420
3421
3422
3423
3425
3427
3428
3429
3430
3431
3433
3434
3435
3436
3437
3438
3439
3440
3442
3443
3444
3445
3446
3447
3449
3451
3456
3458
3459
3461
3462
3464
3465
3466
3467
3468
3470
3476
3478
3480
3481
3482
3486
3488
3491
3492
3493
3494
3495
3496
3497
3498
3499
3500
3501
3502
3505
3506
3507
3508
3510
3511
3512
3513
3514
3515
3518
3519
3520
3521
3523
3524
3525
3529
3531
3533
3535
3539
3542
3544
3545
3549
3550
3553
3555
3556
3558
3559
3562
3564
3566
3568
3571
3572
3573
3574
3575
3577
3578
3579
3580
3581
3584
3586
3587
3588
3591
3593
3595
3598
3599
3600
3601
3602
3604
3605
3606
3608
3611
3614
3615
3619
3620
3621
3622
3623
3625
3627
3631
3634
3635
3636
3637
3638
3639
3641
3644
3645
3646
3648
3650
3653
3654
3655
3658
3661
3662
3663
3664
3665
3667
3668
3669
3672
3676
3677
3678
3679
3681
3682
3683
3689
3690
3693
3695
3696
3697
3700
3701
3702
3703
3708
3710
3711
3712
3714
3715
3716
3718
3719
3720
3721
3722
3725
3726
3727
3728
3730
3733
3736
3738
3740
3741
3742
3743
3745
3746
3749
3750
3752
3753
3754
3755
3756
3757
3758
3759
3764
3765
3766
3768
3771
3772
3773
3776
3778
3779
3780
3785
3787
3788
3790
3793
3795
3796
3798
3799
3802
3803
3805
3807
3808
3809
3811
3812
3813
3814
3816
3817
3820
3827
3828
3832
3833
3835
3840
3841
3842
3843
3845
3847
3848
3851
3854
3855
3856
3858
3860
3864
3868
3870
3874
3875
3876
3878
3879
3882
3883
3884
3885
3886
3888
3889
3892
3895
3897
3899
3902
3903
3905
3906
3907
3912
3913
3915
3919
3920
3921
3922
3924
3926
3927
3928
3929
3930
3931
3932
3934
3935
3936
3938
3942
3943
3944
3945
3946
3947
3949
3950
3951
3952
3953
3954
3955
3956
3957
3958
3959
3960
3962
3964
3967
3972
3975
3976
3977
3978
3979
3980
3981
3982
3983
3984
3988
3989
3990
3991
3992
3993
3997
3999
4000
4001
4003
4004
4005
4006
4009
4010
4011
4013
4014
4016
4019
4021
4023
4024
4025
4026
4030
4034
4037
4038
4041
4043
4045
4047
4048
4050
4051
4053
4054
4055
4058
4059
4060
4062
4064
4067
4068
4071
4072
4073
4074
4075
4079
4081
4082
4084
4087
4089
4091
4093
4094
4097
4098
4100
4101
4104
4105
4106
4108
4109
4114
4119
4120
4122
4125
4126
4127
4128
4129
4131
4133
4138
4139
4143
4145
4147
4149
4152
4156
4158
4161
4162
4165
4166
4167
4168
4169
4173
4175
4177
4178
4180
4181
4182
4185
4188
4191
4193
4197
4202
4203
4205
4206
4207
4210
4211
4213
4216
4217
4220
4221
4222
4223
4224
4225
4229
4233
4234
4236
4237
4238
4240
4241
4242
4243
4244
4245
4246
4249
4252
4254
4255
4257
4258
4260
4261
4262
4265
4268
4272
4273
4274
4275
4276
4277
4281
4282
4283
4284
4285
4287
4289
4290
4291
4292
4293
4300
4303
4306
4307
4309
4310
4313
4314
4317
4322
4324
4325
4327
4331
4332
4334
4336
4338
4341
4342
4343
4344
4345
4346
4350
4351
4352
4356
4360
4361
4362
4364
4368
4370
4371
4374
4375
4377
4378
4379
4380
4384
4386
4391
4393
4394
4396
4406
4409
4413
4416
4417
4418
4420
4421
4422
4424
4425
4426
4427
4429
4430
4431
4433
4434
4435
4436
4437
4439
4440
4441
4442
4443
4447
4448
4451
4456
4457
4459
4460
4462
4463
4466
4468
4469
4471
4472
4473
4475
4478
4479
4480
4481
4482
4483
4485
4486
4487
4489
4490
4493
4494
4496
4497
4499
4500
4501
4502
4503
4505
4507
4508
4515
4516
4520
4523
4524
4525
4527
4528
4530
4531
4532
4534
4535
4536
4537
4540
4541
4545
4546
4549
4550
4551
4553
4554
4556
4557
4558
4559
4560
4561
4562
4563
4565
4566
4568
4570
4573
4574
4577
4581
4583
4584
4586
4587
4588
4589
4590
4592
4595
4598
4599
4601
4602
4603
4608
4609
4610
4611
4612
4613
4618
4619
4620
4621
4623
4625
4631
4633
4635
4637
4639
4643
4653
4654
4657
4660
4661
4666
4667
4670
4671
4672
4673
4674
4676
4677
4678
4679
4680
4682
4684
4687
4688
4691
4692
4694
4695
4696
4697
4699
4702
4703
4704
4706
4710
4711
4713
4714
4715
4716
4718
4719
4722
4729
4730
4732
4735
4740
4741
4744
4745
4747
4748
4749
4750
4752
4754
4757
4758
4759
4762
4763
4766
4771
4772
4774
4775
4777
4778
4779
4780
4782
4786
4790
4791
4792
4794
4795
4796
4799
4800
4801
4804
4805
4807
4808
4809
4814
4818
4820
4821
4823
4826
4829
4830
4831
4833
4836
4838
4841
4842
4844
4848
4851
4852
4860
4862
4865
4866
4868
4873
4874
4876
4878
4879
4880
4881
4884
4885
4886
4887
4890
4891
4895
4896
4898
4904
4906
4909
4910
4911
4912
4913
4916
4917
4918
4919
4920
4922
4924
4927
4928
4929
4933
4934
4935
4936
4937
4939
4941
4942
4944
4945
4946
4947
4952
4954
4955
4956
4958
4961
4962
4965
4967
4968
4971
4973
4977
4979
4980
4981
4987
4989
4990
4992
4993
4994
4996
4997
5000
5001
5003
5004
5006
5008
5009
5010
5011
5012
5013
5015
5016
5019
5020
5022
5024
5025
5026
5031
5036
5037
5038
5039
5040
5041
5042
5044
5046
5048
5052
5053
5055
5058
5059
5062
5064
5067
5068
5069
5070
5071
5072
5073
5074
5076
5077
5078
5081
5084
5087
5089
5090
5091
5095
5096
5097
5098
5099
5101
5104
5106
5110
5111
5112
5116
5117
5119
5121
5122
5125
5126
5128
5129
5132
5134
5135
5136
5137
5138
5140
5141
5142
5144
5146
5147
5148
5149
5150
5152
5154
5157
5158
5160
5161
5164
5165
5167
5170
5171
5172
5174
5175
5176
5177
5180
5181
5182
5183
5184
5187
5188
5189
5190
5192
5193
5194
5197
5198
5199
5200
5201
5202
5203
5206
5208
5210
5212
5213
5215
5216
5218
5222
5223
5224
5225
5226
5227
5228
5231
5236
5237
5239
5242
5245
5246
5248
5251
5252
5253
5254
5255
5257
5258
5259
5262
5263
5264
5265
5267
5268
5270
5271
5272
5274
5275
5278
5281
5282
5283
5284
5285
5289
5290
5291
5292
5296
5298
5302
5303
5304
5305
5306
5307
5308
5310
5312
5313
5317
5318
5320
5321
5322
5323
5324
5326
5327
5328
5330
5331
5332
5334
5335
5337
5339
5340
5342
5344
5346
5348
5350
5351
5353
5354
5356
5359
5362
5363
5364
5365
5368
5369
5372
5373
5374
5375
5376
5378
5380
5384
5391
5392
5394
5396
5399
5400
5401
5402
5403
5404
5406
5407
5408
5409
5413
5414
5416
5417
5418
5419
5423
5425
5426
5427
5428
5433
5434
5435
5436
5437
5443
5444
5446
5447
5449
5453
5454
5456
5457
5458
5460
5461
5467
5468
5469
5471
5478
5479
5480
5484
5486
5487
5488
5490
5491
5492
5494
5495
5497
5499
5500
5502
5503
5506
5508
5509
5511
5514
5515
5517
5524
5527
5529
5530
5531
5533
5536
5544
5545
5546
5550
5551
5553
5555
5557
5558
5559
5560
5562
5564
5565
5568
5571
5574
5576
5578
5579
5583
5585
5586
5587
5588
5589
5590
5591
5593
5597
5598
5599
5600
5601
5602
5604
5605
5606
5608
5609
5610
5611
5612
5614
5615
5617
5618
5620
5621
5627
5628
5629
5634
5636
5637
5638
5639
5642
5645
5646
5653
5657
5658
5666
5667
5668
5670
5671
5672
5673
5674
5675
5676
5683
5684
5685
5686
5687
5689
5691
5696
5697
5698
5699
5702
5706
5710
5712
5715
5717
5721
5722
5728
5730
5732
5733
5734
5736
5737
5738
5741
5743
5745
5748
5751
5752
5755
5757
5758
5759
5761
5762
5763
5769
5770
5771
5772
5774
5775
5777
5780
5781
5786
5787
5788
5789
5790
5792
5794
5799
5802
5803
5807
5808
5812
5816
5817
5818
5820
5821
5822
5829
5830
5832
5834
5836
5837
5839
5844
5846
5852
5853
5854
5855
5860
5861
5865
5868
5871
5875
5876
5878
5882
5883
5886
5887
5889
5893
5894
5895
5902
5903
5904
5909
5910
5911
5915
5916
5917
5920
5924
5925
5927
5933
5934
5937
5939
5943
5944
5945
5946
5947
5948
5951
5952
5953
5954
5955
5956
5959
5960
5961
5964
5972
5975
5976
5978
5979
5981
5982
5983
5985
5986
5987
5990
5994
5995
5996
6000
6001
6004
6006
6007
6008
6009
6011
6012
6014
6015
6018
6020
6021
6022
6024
6025
6026
6027
6030
6031
6033
6039
6040
6041
6042
6043
6044
6047
6052
6054
6057
6058
6060
6061
6064
6065
6066
6068
6069
6078
6081
6082
6083
6084
6086
6088
6090
6093
6097
6101
6103
6105
6107
6108
6109
6110
6113
6114
6117
6119
6122
6125
6126
6129
6130
6131
6133
6134
6136
6140
6142
6144
6145
6146
6147
6149
6150
6153
6157
6158
6160
6166
6169
6171
6173
6175
6176
6177
6178
6179
6182
6183
6184
6186
6187
6189
6195
6196
6197
6198
6199
6202
6203
6206
6207
6208
6209
6211
6212
6214
6220
6228
6232
6235
6237
6239
6241
6243
6246
6248
6249
6250
6251
6256
6257
6259
6260
6261
6263
6268
6269
6276
6277
6281
6282
6283
6284
6295
6297
6298
6301
6302
6304
6305
6306
6307
6309
6311
6314
6319
6320
6321
6322
6323
6325
6326
6327
6329
6330
6333
6334
6336
6338
6339
6342
6343
6347
6348
6354
6355
6356
6357
6361
6363
6364
6365
6368
6369
6373
6375
6377
6378
6379
6381
6385
6386
6387
6391
6392
6396
6397
6398
6403
6406
6409
6411
6415
6418
6419
6420
6421
6427
6428
6429
6430
6435
6436
6442
6447
6449
6450
6452
6454
6456
6457
6459
6463
6469
6470
6473
6479
6481
6483
6486
6487
6489
6498
6501
6503
6505
6507
6508
6513
6515
6516
6517
6518
6521
6522
6523
6525
6526
6527
6528
6532
6533
6536
6539
6542
6546
6547
6549
6551
6554
6557
6558
6560
6563
6564
6568
6570
6572
6575
6576
6581
6582
6591
6592
6594
6596
6599
6600
6601
6602
6607
6608
6609
6611
6613
6616
6618
6620
6622
6625
6627
6629
6631
6632
6633
6635
6637
6638
6640
6641
6642
6643
6644
6645
6646
6647
6648
6649
6651
6653
6656
6662
6663
6666
6667
6669
6672
6673
6674
6676
6677
6679
6680
6681
6686
6687
6689
6694
6696
6699
6700
6701
6702
6703
6704
6707
6708
6711
6716
6721
6725
6726
6728
6731
6734
6735
6737
6738
6741
6742
6743
6744
6745
6746
6747
6749
6750
6751
6754
6758
6759
6761
6762
6763
6765
6767
6768
6771
6778
6779
6780
6781
6784
6791
6794
6795
6803
6804
6805
6807
6810
6811
6813
6816
6817
6821
6823
6826
6829
6830
6833
6835
6836
6843
6844
6847
6848
6849
6850
6851
6857
6859
6860
6862
6865
6869
6871
6878
6879
6880
6881
6886
6889
6891
6892
6898
6900
6901
6902
6903
6905
6907
6915
6916
6918
6920
6922
6925
6926
6928
6934
6936
6937
6941
6942
6943
6945
6946
6948
6951
6952
6957
6958
6960
6961
6962
6964
6966
6969
6970
6971
6972
6973
6974
6975
6976
6977
6979
6980
6982
6983
6986
6988
6991
6992
6995
6997
6999
7003
7006
7007
7008
7009
7010
7012
7014
7016
7018
7019
7021
7023
7025
7026
7031
7032
7033
7035
7038
7040
7042
7044
7047
7048
7049
7054
7055
7056
7058
7059
7060
7062
7063
7066
7068
7072
7073
7075
7077
7080
7081
7082
7087
7090
7092
7095
7096
7098
7099
7101
7102
7106
7107
7108
7111
7116
7117
7120
7121
7123
7125
7130
7131
7135
7136
7139
7141
7142
7145
7146
7147
7148
7151
7154
7156
7157
7161
7162
7164
7167
7170
7172
7174
7176
7183
7185
7187
7188
7189
7190
7191
7192
7193
7198
7199
7202
7210
7214
7222
7225
7227
7230
7234
7237
7241
7243
7245
7246
7247
7248
7249
7250
7251
7252
7255
7258
7260
7262
7263
7267
7268
7276
7278
7279
7284
7285
7289
7290
7294
7295
7297
7298
7299
7302
7308
7310
7314
7315
7318
7320
7321
7322
7324
7333
7334
7335
7341
7345
7346
7350
7351
7353
7354
7355
7359
7362
7365
7368
7370
7371
7372
7374
7376
7377
7381
7383
7385
7387
7391
7392
7395
7396
7398
7401
7402
7407
7408
7409
7410
7415
7417
7418
7419
7421
7423
7424
7426
7427
7428
7432
7434
7437
7438
7439
7440
7444
7445
7449
7450
7454
7459
7461
7462
7463
7465
7466
7469
7472
7474
7477
7478
7481
7484
7487
7489
7496
7499
7500
7501
7504
7505
7506
7511
7515
7520
7523
7526
7530
7532
7533
7537
7538
7539
7542
7543
7544
7545
7547
7551
7552
7554
7556
7557
7559
7560
7561
7563
7566
7570
7571
7575
7576
7582
7584
7586
7587
7593
7594
7596
7598
7602
7604
7606
7609
7610
7611
7612
7613
7615
7616
7618
7619
7620
7621
7624
7625
7626
7628
7629
7632
7634
7635
7636
7638
7640
7641
7643
7644
7645
7647
7650
7651
7652
7653
7658
7660
7663
7664
7665
7666
7673
7675
7677
7678
7679
7681
7683
7685
7686
7690
7694
7697
7698
7699
7700
7701
7703
7708
7709
7711
7714
7715
7718
7719
7720
7722
7728
7729
7731
7733
7734
7739
7744
7749
7752
7755
7756
7757
7762
7767
7772
7776
7778
7780
7782
7783
7784
7786
7787
7788
7789
7790
7791
7793
7794
7795
7799
7800
7807
7810
7811
7812
7813
7815
7821
7824
7825
7826
7827
7830
7831
7832
7833
7834
7836
7838
7840
7842
7848
7854
7860
7862
7865
7867
7869
7872
7873
7875
7883
7888
7890
7891
7896
7898
7899
7900
7902
7904
7907
7911
7912
7915
7916
7917
7918
7920
7922
7926
7929
7935
7936
7937
7940
7941
7943
7944
7945
7946
7947
7948
7949
7960
7966
7968
7972
7976
7978
7980
7982
7985
7986
7990
7993
7994
7995
8001
8007
8010
8013
8015
8016
8017
8019
8020
8024
8026
8027
8028
8029
8030
8032
8033
8034
8037
8038
8042
8043
8044
8047
8053
8057
8058
8059
8060
8061
8064
8068
8070
8074
8075
8077
8078
8083
8090
8092
8096
8097
8098
8099
8101
8102
8103
8107
8108
8110
8112
8114
8115
8119
8123
8125
8127
8129
8130
8132
8135
8139
8142
8144
8145
8146
8147
8150
8151
8152
8153
8154
8155
8156
8158
8159
8160
8161
8162
8163
8166
8167
8168
8169
8171
8172
8177
8179
8180
8187
8189
8190
8191
8198
8199
8200
8204
8205
8206
8207
8209
8210
8211
8213
8214
8217
8218
8220
8221
8222
8225
8232
8236
8239
8240
8242
8243
8251
8255
8259
8262
8263
8264
8265
8268
8276
8279
8280
8281
8284
8286
8288
8293
8294
8298
8300
8303
8306
8307
8308
8309
8310
8311
8312
8313
8315
8317
8318
8319
8324
8327
8328
8334
8338
8339
8340
8341
8346
8347
8348
8351
8358
8359
8362
8363
8365
8366
8373
8378
8379
8381
8385
8386
8387
8388
8389
8390
8393
8395
8397
8398
8403
8404
8409
8410
8412
8416
8418
8419
8422
8427
8428
8429
8431
8434
8435
8436
8439
8442
8445
8451
8453
8454
8457
8462
8466
8468
8469
8471
8472
8473
8474
8476
8478
8481
8483
8484
8487
8488
8489
8492
8495
8497
8499
8503
8507
8508
8509
8511
8516
8522
8524
8525
8526
8529
8530
8531
8532
8535
8541
8542
8545
8548
8552
8553
8554
8556
8557
8560
8563
8566
8570
8573
8574
8581
8588
8589
8597
8598
8602
8606
8610
8611
8612
8613
8614
8615
8616
8618
8625
8626
8631
8635
8636
8642
8644
8645
8646
8651
8655
8657
8658
8660
8661
8662
8665
8666
8669
8670
8672
8677
8678
8680
8681
8685
8686
8689
8692
8694
8695
8698
8699
8702
8704
8705
8708
8712
8713
8714
8717
8722
8725
8728
8732
8733
8735
8736
8741
8742
8746
8749
8750
8751
8753
8754
8755
8757
8760
8761
8767
8770
8771
8772
8779
8783
8785
8790
8794
8796
8797
8798
8804
8805
8806
8808
8812
8817
8818
8820
8821
8823
8826
8827
8829
8833
8835
8836
8838
8839
8842
8844
8845
8849
8850
8852
8855
8856
8863
8866
8868
8869
8871
8872
8873
8874
8877
8880
8882
8884
8888
8890
8891
8892
8900
8901
8905
8906
8911
8913
8914
8915
8917
8922
8924
8926
8927
8928
8930
8931
8932
8933
8934
8938
8943
8944
8947
8948
8952
8953
8955
8956
8957
8958
8960
8962
8969
8972
8973
8976
8977
8978
8979
8981
8982
8984
8985
8987
8990
8991
8992
8996
8997
9006
9009
9010
9011
9012
9013
9015
9017
9019
9020
9021
9023
9025
9026
9028
9032
9033
9034
9035
9037
9038
9039
9040
9042
9046
9052
9055
9057
9060
9064
9066
9067
9069
9070
9071
9072
9077
9079
9082
9084
9085
9087
9089
9093
9094
9097
9100
9101
9103
9104
9109
9110
9111
9116
9118
9121
9123
9125
9128
9129
9134
9141
9144
9146
9147
9150
9153
9154
9155
9159
9163
9167
9170
9176
9178
9184
9186
9189
9190
9191
9192
9194
9197
9200
9201
9202
9205
9209
9212
9213
9215
9218
9221
9222
9226
9230
9231
9233
9235
9237
9238
9239
9240
9251
9252
9253
9255
9257
9262
9264
9272
9274
9277
9280
9283
9284
9286
9287
9290
9293
9297
9301
9302
9304
9306
9307
9310
9315
9319
9321
9325
9328
9331
9336
9337
9341
9344
9345
9351
9352
9353
9356
9357
9358
9360
9363
9366
9367
9369
9370
9371
9372
9373
9375
9376
9378
9381
9384
9385
9386
9390
9392
9393
9398
9399
9400
9402
9405
9407
9409
9410
9411
9412
9415
9416
9417
9420
9424
9425
9427
9428
9431
9433
9434
9437
9441
9444
9446
9447
9454
9455
9461
9463
9464
9466
9468
9469
9471
9472
9474
9476
9477
9478
9481
9485
9490
9494
9495
9496
9497
9500
9501
9502
9504
9507
9509
9512
9513
9516
9520
9521
9526
9527
9529
9535
9536
9537
9538
9542
9543
9546
9548
9560
9566
9571
9575
9576
9581
9583
9584
9585
9586
9590
9592
9596
9599
9607
9609
9610
9612
9621
9626
9627
9628
9632
9633
9635
9637
9638
9639
9640
9641
9643
9646
9648
9655
9663
9665
9666
9668
9669
9675
9679
9685
9686
9687
9688
9690
9691
9692
9696
9697
9699
9703
9705
9707
9709
9711
9712
9714
9716
9720
9721
9722
9724
9727
9731
9734
9737
9738
9740
9743
9747
9749
9750
9751
9753
9758
9761
9766
9770
9774
9775
9779
9781
9782
9787
9788
9789
9790
9797
9798
9801
9802
9803
9808
9809
9813
9814
9815
9816
9817
9819
9822
9823
9828
9830
9831
9834
9835
9845
9848
9849
9853
9856
9858
9859
9861
9862
9865
9867
9868
9874
9878
9879
9882
9883
9884
9885
9888
9889
9890
9896
9907
9909
9915
9919
9923
9924
9928
9930
9933
9936
9947
9951
9954
9956
9959
9964
9966
9969
9970
9971
9973
9974
9976
9978
9979
9981
9987
9988
9989
9990
9992
9997
10000
10002
10003
10008
10014
10018
10020
10021
10024
10027
10028
10029
10031
10032
10033
10034
10036
10039
10042
10046
10052
10053
10055
10060
10065
10073
10078
10079
10082
10083
10085
10087
10092
10095
10098
10102
10103
10108
10112
10116
10121
10123
10126
10128
10130
10132
10134
10142
10146
10152
10155
10156
10159
10160
10162
10165
10168
10177
10182
10184
10185
10186
10188
10190
10191
10194
10195
10198
10202
10204
10206
10208
10209
10212
10213
10218
10220
10221
10222
10223
10226
10229
10230
10231
10232
10236
10238
10241
10242
10243
10248
10250
10255
10257
10261
10263
10265
10266
10269
10272
10275
10276
10277
10278
10279
10281
10283
10284
10286
10287
10288
10289
10292
10295
10298
10299
10300
10301
10302
10304
10307
10309
10311
10313
10314
10315
10321
10324
10327
10330
10332
10333
10336
10337
10338
10339
10341
10342
10345
10346
10355
10356
10357
10358
10362
10365
10366
10369
10372
10377
10378
10379
10381
10382
10383
10384
10386
10390
10392
10399
10400
10403
10406
10409
10419
10420
10424
10425
10429
10431
10432
10433
10434
10436
10442
10447
10451
10457
10458
10459
10460
10466
10467
10468
10470
10473
10474
10477
10478
10479
10480
10481
10484
10485
10486
10487
10490
10492
10494
10497
10501
10502
10503
10504
10505
10506
10512
10515
10522
10523
10524
10525
10528
10530
10534
10535
10539
10540
10542
10545
10548
10551
10553
10560
10562
10565
10570
10573
10578
10579
10582
10583
10591
10592
10596
10597
10598
10601
10604
10612
10614
10615
10616
10618
10621
10624
10625
10630
10633
10634
10636
10639
10642
10643
10646
10649
10650
10653
10658
10660
10661
10662
10665
10666
10672
10673
10674
10675
10677
10684
10686
10694
10695
10696
10698
10699
10701
10705
10706
10708
10711
10713
10714
10723
10724
10725
10726
10727
10728
10729
10730
10733
10734
10736
10738
10739
10741
10743
10746
10747
10749
10754
10756
10757
10758
10759
10761
10762
10779
10782
10789
10793
10795
10796
10800
10804
10806
10807
10811
10813
10814
10816
10817
10828
10832
10834
10836
10837
10839
10845
10846
10847
10850
10851
10853
10856
10860
10862
10866
10868
10872
10876
10877
10883
10885
10886
10890
10895
10897
10899
10901
10902
10906
10911
10912
10913
10917
10920
10921
10923
10926
10927
10930
10931
10932
10934
10936
10938
10949
10951
10953
10957
10960
10964
10966
10968
10970
10971
10977
10978
10979
10984
10993
10997
10999
11000
11002
11007
11012
11013
11014
11018
11020
11024
11026
11028
11033
11034
11036
11039
11040
11046
11048
11055
11058
11061
11063
11064
11065
11069
11071
11072
11074
11076
11079
11086
11087
11089
11096
11112
11116
11117
11118
11119
11121
11122
11125
11126
11127
11128
11134
11135
11140
11143
11147
11149
11157
11158
11159
11163
11164
11167
11171
11173
11176
11177
11179
11181
11185
11189
11191
11192
11196
11197
11198
11205
11206
11210
11212
11215
11218
11219
11222
11223
11227
11229
11240
11241
11242
11244
11246
11248
11249
11250
11253
11255
11256
11258
11261
11263
11264
11269
11272
11274
11280
11287
11290
11291
11292
11296
11299
11300
11302
11304
11306
11311
11312
11313
11317
11319
11324
11325
11326
11327
11330
11331
11333
11336
11346
11347
11348
11352
11353
11354
11355
11356
11360
11361
11363
11372
11378
11383
11386
11394
11396
11399
11400
11402
11406
11407
11409
11410
11411
11414
11421
11424
11425
11426
11429
11431
11432
11433
11434
11436
11439
11440
11442
11447
11450
11452
11454
11457
11458
11461
11469
11474
11480
11481
11482
11483
11484
11486
11488
11490
11491
11493
11496
11500
11503
11504
11508
11510
11511
11514
11516
11518
11519
11525
11533
11540
11541
11542
11543
11544
11547
11551
11552
11553
11554
11559
11560
11565
11567
11571
11572
11573
11587
11589
11591
11595
11603
11604
11605
11606
11607
11612
11614
11615
11616
11618
11622
11633
11635
11637
11639
11640
11644
11646
11650
11652
11656
11663
11665
11666
11668
11671
11673
11678
11680
11684
11686
11688
11690
11693
11694
11698
11704
11706
11708
11712
11715
11717
11719
11721
11722
11728
11733
11746
11747
11748
11753
11761
11762
11763
11767
11768
11774
11776
11778
11782
11784
11785
11787
11789
11791
11798
11799
11800
11805
11807
11811
11817
11820
11822
11823
11825
11827
11829
11832
11835
11836
11838
11839
11842
11846
11847
11851
11855
11857
11861
11862
11863
11870
11871
11873
11875
11877
11878
11879
11881
11882
11883
11886
11896
11897
11898
11900
11901
11906
11909
11912
11917
11918
11930
11932
11937
11946
11948
11949
11956
11957
11958
11959
11960
11961
11963
11965
11969
11971
11973
11976
11977
11980
11982
11985
11986
11987
11988
11993
12003
12005
12019
12023
12025
12026
12029
12034
12036
12037
12041
12052
12054
12055
12058
12060
12062
12071
12076
12080
12082
12083
12088
12089
12090
12091
12097
12098
12100
12101
12102
12103
12104
12105
12110
12113
12115
12119
12123
12131
12132
12133
12140
12143
12149
12150
12152
12153
12156
12161
12163
12164
12167
12168
12171
12172
12174
12182
12187
12192
12193
12195
12197
12204
12207
12208
12211
12215
12216
12217
12218
12219
12221
12224
12234
12237
12239
12244
12250
12258
12261
12263
12268
12269
12272
12275
12277
12278
12283
12288
12291
12296
12300
12305
12306
12309
12311
12312
12316
12317
12321
12331
12333
12338
12339
12340
12347
12351
12354
12358
12361
12366
12368
12370
12377
12379
12388
12389
12390
12391
12394
12400
12402
12406
12408
12410
12415
12417
12422
12423
12427
12430
12431
12437
12439
12443
12450
12452
12454
12459
12461
12464
12473
12480
12482
12483
12484
12486
12490
12491
12492
12495
12496
12497
12498
12500
12502
12513
12516
12524
12527
12528
12529
12530
12536
12538
12539
12545
12546
12548
12552
12556
12557
12558
12559
12563
12566
12567
12569
12571
12572
12573
12576
12579
12581
12584
12586
12587
12594
12597
12604
12606
12609
12611
12613
12616
12618
12619
12621
12623
12624
12629
12630
12636
12639
12640
12649
12650
12654
12655
12659
12661
12662
12663
12669
12671
12672
12674
12678
12681
12688
12689
12690
12691
12692
12700
12705
12707
12709
12718
12719
12720
12725
12726
12727
12736
12740
12741
12743
12745
12748
12749
12755
12756
12757
12759
12760
12765
12771
12777
12784
12785
12789
12792
12793
12801
12802
12805
12806
12807
12819
12820
12822
12825
12829
12830
12832
12834
12836
12843
12844
12846
12847
12849
12851
12852
12855
12858
12863
12865
12866
12867
12868
12875
12876
12877
12880
12882
12883
12888
12889
12890
12891
12895
12899
12901
12904
12906
12910
12912
12920
12921
12924
12929
12935
12936
12937
12938
12942
12943
12948
12952
12953
12954
12955
12958
12964
12965
12969
12975
12976
12977
12985
12986
12994
12995
12996
12997
13000
13001
13002
13004
13007
13011
13013
13014
13016
13017
13019
13023
13026
13030
13031
13033
13038
13039
13042
13044
13048
13049
13050
13053
13055
13057
13059
13064
13066
13067
13068
13076
13079
13080
13081
13082
13086
13087
13091
13092
13094
13095
13099
13101
13102
13103
13107
13111
13118
13129
13137
13138
13139
13140
13141
13142
13145
13146
13149
13153
13155
13158
13160
13161
13162
13165
13171
13180
13181
13183
13184
13185
13190
13193
13197
13200
13201
13202
13204
13205
13209
13211
13213
13214
13215
13216
13218
13223
13224
13233
13235
13238
13239
13240
13246
13248
13252
13254
13258
13259
13261
13262
13263
13264
13266
13267
13273
13274
13279
13280
13281
13282
13290
13301
13303
13309
13310
13317
13319
13322
13323
13329
13330
13332
13340
13341
13343
13351
13358
13359
13362
13366
13370
13387
13390
13391
13393
13394
13397
13398
13399
13402
13403
13404
13405
13415
13422
13425
13427
13429
13432
13434
13441
13442
13452
13453
13457
13458
13460
13468
13470
13473
13475
13481
13483
13494
13496
13497
13503
13504
13505
13506
13509
13511
13513
13514
13518
13522
13525
13531
13533
13534
13537
13539
13540
13545
13547
13548
13550
13552
13553
13556
13559
13560
13563
13572
13573
13582
13587
13594
13595
13596
13597
13598
13600
13602
13605
13609
13611
13613
13614
13616
13617
13622
13628
13635
13640
13643
13646
13648
13651
13652
13654
13655
13657
13661
13662
13664
13667
13668
13669
13679
13681
13685
13688
13690
13691
13694
13704
13707
13709
13715
13716
13718
13724
13725
13726
13732
13734
13736
13738
13741
13744
13745
13746
13747
13749
13752
13753
13755
13757
13759
13760
13761
13764
13765
13766
13769
13773
13779
13780
13786
13787
13792
13794
13795
13797
13804
13808
13809
13812
13822
13826
13832
13834
13838
13849
13852
13854
13857
13858
13860
13862
13863
13864
13866
13867
13868
13870
13874
13878
13881
13884
13885
13891
13904
13908
13909
13910
13911
13913
13914
13917
13918
13926
13927
13928
13933
13935
13942
13946
13947
13948
13954
13955
13957
13962
13963
13966
13967
13968
13969
13973
13974
13975
13980
13982
13983
13984
13985
13992
13996
13998
14003
14004
14006
14021
14022
14026
14031
14032
14035
14039
14040
14041
14046
14051
14055
14059
14064
14065
14067
14071
14078
14080
14086
14088
14090
14092
14095
14097
14098
14103
14105
14107
14108
14109
14116
14119
14122
14128
14129
14136
14137
14142
14143
14145
14147
14152
14153
14157
14159
14161
14162
14165
14166
14170
14178
14182
14189
14192
14193
14194
14195
14197
14198
14208
14212
14213
14214
14215
14228
14234
14236
14238
14239
14241
14244
14246
14249
14251
14255
14257
14264
14265
14267
14269
14271
14274
14280
14281
14286
14288
14289
14292
14293
14294
14304
14308
14311
14312
14322
14330
14332
14333
14335
14337
14338
14344
14345
14347
14352
14354
14371
14372
14373
14376
14377
14378
14380
14384
14385
14386
14387
14392
14395
14397
14400
14402
14410
14411
14416
14419
14420
14429
14434
14436
14441
14445
14449
14452
14456
14459
14461
14465
14468
14469
14471
14472
14477
14482
14489
14503
14505
14512
14515
14519
14520
14522
14523
14525
14526
14531
14535
14540
14542
14544
14545
14548
14553
14554
14559
14560
14565
14569
14573
14577
14586
14587
14588
14590
14596
14611
14617
14619
14622
14623
14625
14629
14636
14637
14641
14642
14646
14648
14650
14654
14658
14660
14661
14664
14673
14676
14682
14683
14685
14687
14688
14692
14693
14695
14702
14703
14705
14708
14711
14717
14720
14728
14730
14733
14739
14746
14751
14755
14760
14762
14765
14779
14781
14783
14789
14791
14802
14803
14807
14809
14813
14822
14824
14827
14830
14832
14833
14834
14835
14836
14837
14840
14849
14852
14854
14855
14856
14861
14863
14864
14866
14868
14870
14871
14872
14874
14880
14883
14885
14886
14888
14890
14892
14893
14894
14902
14905
14907
14908
14910
14914
14923
14928
14932
14933
14934
14938
14943
14944
14953
14960
14963
14970
14971
14973
14978
14979
14980
14981
14988
14989
14991
14992
14993
14999
15003
15006
15007
15010
15013
15015
15016
15019
15029
15035
15049
15050
15051
15057
15065
15069
15072
15077
15078
15080
15087
15089
15092
15093
15096
15103
15113
15114
15116
15118
15119
15120
15131
15132
15135
15136
15141
15144
15145
15150
15153
15155
15162
15164
15167
15169
15170
15175
15176
15184
15196
15197
15198
15199
15206
15214
15215
15217
15218
15220
15221
15225
15227
15233
15234
15236
15239
15243
15248
15250
15264
15269
15273
15275
15280
15286
15304
15305
15308
15309
15312
15313
15316
15318
15319
15321
15327
15328
15332
15339
15340
15342
15344
15349
15354
15359
15360
15365
15369
15370
15372
15373
15377
15380
15381
15382
15384
15390
15391
15395
15399
15400
15401
15402
15406
15407
15408
15410
15411
15422
15427
15435
15438
15440
15444
15445
15449
15452
15453
15455
15462
15463
15464
15472
15473
15474
15476
15480
15483
15484
15486
15488
15491
15497
15500
15501
15507
15510
15511
15513
15518
15525
15529
15537
15540
15541
15545
15547
15550
15552
15555
15559
15567
15569
15572
15574
15578
15579
15584
15586
15588
15593
15594
15595
15604
15605
15606
15609
15615
15618
15619
15622
15623
15625
15627
15628
15632
15638
15639
15640
15645
15647
15648
15650
15656
15660
15662
15664
15666
15667
15672
15673
15674
15676
15686
15688
15689
15693
15696
15697
15698
15699
15700
15702
15705
15707
15708
15710
15711
15715
15719
15720
15724
15728
15733
15734
15738
15739
15743
15745
15752
15756
15759
15766
15769
15773
15781
15783
15784
15790
15792
15795
15796
15797
15808
15812
15813
15814
15815
15816
15825
15827
15840
15843
15846
15848
15853
15857
15860
15861
15862
15865
15866
15868
15872
15880
15884
15886
15888
15889
15891
15896
15899
15900
15902
15907
15922
15924
15925
15932
15933
15943
15945
15947
15949
15958
15969
15973
15977
15978
15985
15988
15991
15992
15999
16000
16001
16008
16010
16015
16016
16022
16025
16026
16029
16030
16034
16036
16038
16043
16045
16049
16050
16058
16059
16060
16065
16066
16067
16069
16073
16075
16077
16079
16085
16086
16100
16103
16104
16108
16111
16115
16119
16122
16124
16126
16134
16143
16144
16145
16148
16150
16156
16158
16160
16162
16167
16168
16169
16172
16174
16175
16177
16183
16184
16187
16188
16191
16198
16201
16202
16211
16213
16218
16228
16229
16236
16239
16240
16241
16243
16247
16250
16252
16253
16254
16260
16261
16270
16275
16285
16288
16293
16298
16304
16320
16327
16330
16335
16336
16338
16341
16347
16350
16351
16352
16359
16360
16364
16366
16369
16371
16376
16378
16379
16382
16384
16386
16394
16397
16401
16403
16410
16412
16417
16418
16420
16436
16447
16451
16456
16465
16469
16477
16478
16480
16484
16490
16492
16493
16496
16499
16500
16501
16502
16508
16514
16515
16516
16520
16522
16523
16525
16526
16531
16535
16539
16545
16546
16547
16549
16551
16561
16562
16563
16566
16568
16569
16574
16575
16577
16579
16582
16583
16593
16602
16603
16606
16609
16622
16624
16626
16629
16631
16640
16643
16644
16646
16651
16673
16674
16675
16676
16679
16681
16682
16683
16691
16693
16694
16699
16703
16704
16705
16713
16722
16738
16743
16744
16747
16752
16753
16754
16755
16756
16757
16758
16759
16761
16764
16768
16769
16772
16775
16778
16779
16781
16782
16793
16794
16798
16799
16803
16809
16815
16819
16823
16828
16829
16834
16838
16842
16846
16856
16865
16866
16867
16870
16873
16874
16875
16876
16877
16878
16884
16890
16899
16900
16901
16904
16905
16910
16912
16923
16926
16929
16942
16946
16947
16954
16955
16956
16966
16968
16971
16972
16973
16975
16979
16984
16986
16987
16991
16996
17009
17011
17028
17030
17034
17038
17040
17044
17049
17058
17062
17066
17068
17076
17078
17083
17084
17086
17087
17096
17098
17100
17102
17108
17110
17111
17112
17114
17117
17118
17120
17121
17122
17123
17126
17128
17132
17140
17142
17145
17147
17150
17152
17153
17157
17158
17164
17167
17171
17172
17175
17181
17182
17190
17191
17199
17204
17209
17210
17212
17214
17218
17220
17225
17231
17237
17239
17241
17246
17247
17249
17260
17263
17265
17268
17272
17284
17289
17294
17295
17307
17310
17311
17312
17313
17314
17316
17319
17334
17340
17359
17366
17369
17374
17375
17376
17384
17390
17391
17394
17396
17397
17399
17404
17405
17413
17420
17423
17424
17425
17426
17430
17431
17437
17439
17440
17445
17448
17450
17457
17458
17459
17461
17462
17463
17466
17469
17470
17476
17481
17482
17483
17484
17495
17498
17509
17510
17515
17523
17526
17529
17532
17534
17535
17538
17542
17543
17546
17548
17549
17550
17554
17555
17560
17562
17566
17571
17572
17579
17582
17583
17587
17589
17590
17591
17592
17593
17596
17598
17600
17602
17603
17606
17607
17608
17612
17617
17622
17623
17627
17636
17638
17640
17642
17648
17652
17655
17657
17659
17661
17664
17667
17668
17671
17673
17674
17675
17679
17681
17696
17697
17698
17706
17708
17709
17710
17720
17723
17730
17742
17743
17744
17748
17750
17751
17752
17755
17758
17759
17761
17764
17768
17769
17775
17778
17784
17785
17786
17787
17788
17789
17794
17795
17797
17804
17806
17809
17812
17815
17818
17820
17830
17831
17835
17839
17840
17845
17851
17852
17854
17856
17857
17859
17861
17867
17868
17872
17873
17878
17880
17882
17884
17885
17887
17891
17899
17900
17907
17910
17915
17919
17920
17932
17936
17938
17939
17953
17955
17959
17963
17965
17970
17973
17977
17978
17987
17988
17990
17991
17999
18000
18008
18009
18011
18013
18016
18017
18018
18020
18023
18024
18025
18028
18029
18030
18034
18035
18036
18044
18047
18053
18054
18059
18065
18066
18069
18071
18078
18081
18082
18084
18085
18086
18089
18091
18092
18100
18101
18104
18108
18112
18117
18118
18119
18130
18140
18141
18148
18149
18154
18162
18164
18166
18169
18172
18173
18175
18176
18180
18182
18184
18186
18188
18191
18194
18195
18199
18203
18205
18211
18212
18215
18216
18221
18226
18227
18232
18234
18247
18252
18253
18258
18261
18265
18268
18273
18274
18280
18283
18284
18285
18290
18295
18296
18299
18307
18311
18323
18326
18334
18336
18346
18347
18351
18353
18356
18357
18359
18364
18367
18369
18376
18377
18381
18383
18388
18390
18391
18394
18396
18397
18401
18405
18407
18408
18411
18413
18415
18417
18420
18425
18426
18434
18440
18445
18457
18458
18461
18462
18466
18468
18473
18479
18483
18484
18485
18488
18492
18498
18499
18502
18503
18506
18509
18510
18520
18521
18530
18533
18537
18539
18541
18543
18544
18545
18546
18549
18552
18553
18555
18559
18560
18562
18564
18567
18569
18578
18583
18588
18597
18601
18605
18608
18611
18612
18614
18615
18618
18633
18638
18644
18648
18652
18656
18657
18658
18661
18667
18675
18677
18682
18683
18685
18702
18704
18709
18710
18713
18715
18716
18725
18730
18739
18750
18751
18763
18769
18770
18772
18773
18775
18776
18778
18779
18781
18783
18788
18791
18794
18800
18805
18810
18816
18820
18824
18826
18827
18828
18830
18834
18836
18837
18843
18844
18847
18854
18857
18859
18864
18868
18879
18882
18887
18890
18892
18893
18894
18895
18902
18904
18910
18912
18913
18916
18918
18920
18922
18923
18926
18930
18932
18933
18934
18937
18941
18944
18948
18950
18957
18958
18959
18967
18971
18975
18981
18982
18985
18989
18991
18993
18997
19000
19005
19013
19014
19019
19024
19025
19027
19030
19032
19038
19039
19041
19043
19046
19050
19055
19060
19072
19083
19086
19087
19088
19089
19095
19100
19101
19110
19111
19112
19114
19115
19116
19119
19128
19129
19130
19133
19135
19139
19150
19152
19153
19159
19173
19174
19175
19181
19182
19185
19186
19187
19189
19190
19194
19195
19197
19200
19208
19212
19213
19214
19221
19226
19229
19231
19239
19251
19255
19260
19268
19275
19278
19287
19290
19293
19294
19296
19298
19304
19306
19307
19310
19314
19315
19318
19319
19321
19323
19331
19333
19335
19352
19364
19367
19368
19370
19373
19383
19387
19388
19391
19396
19398
19401
19402
19405
19413
19424
19441
19452
19455
19458
19460
19463
19468
19470
19474
19478
19484
19490
19503
19515
19517
19520
19536
19537
19538
19544
19551
19556
19557
19565
19567
19568
19572
19573
19577
19580
19583
19584
19585
19586
19588
19591
19596
19598
19604
19612
19615
19619
19633
19636
19639
19641
19645
19651
19652
19654
19655
19657
19659
19661
19662
19669
19670
19671
19674
19678
19680
19682
19686
19688
19690
19708
19722
19723
19725
19726
19729
19739
19740
19747
19753
19755
19765
19766
19768
19776
19777
19783
19787
19794
19797
19809
19810
19816
19827
19830
19831
19833
19834
19835
19842
19851
19852
19859
19860
19867
19868
19870
19872
19873
19874
19878
19881
19892
19896
19899
19900
19902
19912
19913
19916
19921
19927
19934
19936
19942
19943
19949
19951
19954
19959
19960
19961
19962
19969
19974
19977
19981
19989
19995
20001
20002
20003
20006
20007
20009
20011
20013
20025
20031
20032
20035
20040
20043
20044
20049
20050
20056
20060
20062
20066
20068
20069
20073
20077
20100
20104
20105
20109
20112
20113
20114
20115
20117
20120
20122
20123
20124
20134
20135
20139
20142
20155
20160
20166
20167
20169
20170
20173
20174
20179
20181
20182
20191
20195
20204
20206
20216
20233
20235
20236
20244
20245
20250
20256
20266
20269
20274
20282
20288
20296
20302
20307
20308
20309
20312
20318
20322
20323
20326
20327
20328
20335
20337
20344
20348
20357
20359
20362
20363
20364
20365
20367
20372
20376
20377
20378
20379
20382
20384
20385
20388
20389
20392
20409
20413
20417
20420
20428
20432
20440
20444
20447
20459
20460
20461
20463
20465
20467
20471
20472
20473
20474
20475
20476
20477
20479
20480
20484
20488
20489
20495
20498
20499
20503
20507
20508
20509
20512
20519
20531
20536
20537
20539
20552
20554
20555
20559
20567
20570
20579
20589
20590
20600
20604
20607
20609
20610
20618
20619
20622
20624
20627
20629
20630
20632
20634
20635
20636
20641
20643
20646
20648
20653
20654
20657
20663
20668
20671
20678
20683
20688
20689
20691
20694
20696
20708
20711
20713
20722
20723
20728
20733
20735
20738
20742
20744
20759
20764
20765
20766
20770
20771
20772
20776
20781
20791
20792
20796
20797
20800
20804
20807
20808
20810
20819
20826
20827
20834
20843
20849
20851
20852
20858
20863
20864
20868
20871
20874
20875
20877
20881
20884
20886
20887
20889
20890
20895
20906
20908
20911
20918
20922
20923
20934
20940
20951
20952
20954
20956
20958
20960
20961
20971
20973
20974
20978
20980
20981
20999
21001
21017
21019
21025
21026
21029
21031
21035
21050
21054
21055
21059
21065
21068
21069
21070
21076
21079
21081
21094
21096
21102
21103
21104
21106
21107
21112
21113
21116
21118
21119
21121
21124
21126
21129
21138
21139
21144
21154
21155
21170
21174
21181
21183
21186
21189
21192
21196
21199
21200
21206
21213
21220
21221
21224
21226
21227
21233
21241
21250
21252
21253
21254
21258
21260
21261
21278
21282
21291
21293
21295
21301
21307
21316
21321
21322
21323
21333
21337
21341
21343
21344
21349
21354
21359
21360
21363
21369
21378
21387
21399
21402
21405
21408
21411
21412
21419
21423
21425
21426
21427
21433
21435
21436
21442
21449
21452
21453
21473
21477
21482
21487
21489
21495
21497
21500
21506
21510
21518
21527
21531
21532
21533
21539
21541
21543
21549
21555
21557
21559
21563
21564
21568
21574
21578
21579
21592
21593
21600
21604
21610
21612
21614
21616
21618
21620
21621
21624
21627
21628
21645
21649
21650
21657
21661
21666
21676
21679
21681
21684
21685
21692
21693
21704
21711
21716
21721
21736
21756
21761
21772
21773
21792
21804
21805
21811
21814
21820
21822
21825
21826
21833
21835
21838
21842
21844
21849
21850
21851
21853
21863
21864
21867
21869
21890
21891
21901
21902
21907
21908
21910
21924
21941
21945
21948
21950
21956
21962
21966
21971
21976
21979
21985
21988
21994
21998
21999
22000
22001
22003
22005
22009
22013
22016
22019
22021
22022
22024
22027
22028
22031
22047
22054
22055
22063
22064
22070
22072
22076
22084
22085
22090
22091
22095
22096
22098
22109
22113
22116
22128
22131
22134
22136
22141
22147
22149
22150
22151
22159
22166
22168
22172
22185
22188
22196
22200
22207
22219
22221
22222
22225
22232
22235
22242
22245
22246
22257
22258
22265
22266
22267
22270
22271
22273
22274
22281
22284
22285
22287
22291
22294
22295
22305
22306
22310
22319
22320
22322
22324
22327
22330
22335
22339
22342
22344
22350
22353
22355
22371
22375
22379
22381
22384
22392
22410
22415
22419
22424
22433
22435
22437
22440
22441
22445
22446
22449
22461
22462
22464
22465
22468
22470
22475
22476
22481
22484
22491
22512
22513
22516
22517
22524
22530
22532
22534
22538
22541
22542
22556
22558
22562
22569
22570
22572
22579
22580
22585
22587
22594
22598
22599
22602
22612
22613
22624
22627
22629
22634
22635
22637
22642
22651
22659
22668
22670
22671
22674
22676
22678
22680
22684
22687
22697
22698
22707
22709
22716
22724
22728
22729
22740
22741
22743
22746
22749
22750
22754
22756
22759
22764
22765
22773
22775
22777
22779
22783
22805
22806
22812
22825
22826
22830
22832
22838
22841
22843
22845
22846
22847
22857
22863
22879
22882
22885
22887
22894
22897
22898
22902
22903
22910
22912
22913
22927
22928
22931
22939
22948
22953
22956
22958
22965
22966
22970
22973
22980
22981
22982
22983
22985
22986
22993
23007
23012
23014
23016
23018
23022
23023
23024
23029
23036
23038
23040
23044
23046
23049
23057
23065
23067
23075
23085
23086
23092
23095
23098
23104
23107
23111
23114
23116
23119
23129
23130
23134
23135
23141
23157
23163
23173
23180
23181
23184
23185
23191
23194
23197
23210
23214
23233
23239
23243
23251
23258
23259
23265
23271
23277
23280
23281
23282
23283
23285
23287
23288
23290
23293
23299
23304
23310
23311
23314
23315
23323
23325
23326
23331
23336
23342
23343
23344
23353
23359
23360
23361
23368
23371
23375
23377
23388
23394
23396
23397
23402
23403
23410
23424
23429
23435
23437
23443
23444
23446
23451
23470
23472
23477
23478
23485
23495
23497
23506
23507
23508
23509
23512
23513
23521
23530
23533
23535
23540
23544
23546
23547
23548
23551
23555
23556
23557
23571
23573
23577
23581
23591
23598
23615
23617
23628
23635
23636
23638
23641
23645
23648
23650
23651
23658
23661
23663
23664
23668
23677
23681
23683
23693
23697
23709
23716
23732
23735
23737
23748
23749
23755
23776
23777
23783
23791
23793
23799
23801
23805
23810
23814
23819
23825
23826
23829
23833
23836
23837
23841
23846
23851
23853
23856
23857
23873
23875
23890
23891
23895
23907
23912
23917
23919
23926
23941
23944
23954
23958
23959
23964
23966
23967
23972
23985
23986
23989
24001
24004
24006
24009
24010
24015
24024
24028
24037
24038
24043
24047
24048
24053
24056
24065
24079
24084
24092
24093
24094
24095
24096
24097
24098
24101
24102
24105
24109
24116
24122
24123
24138
24141
24151
24154
24163
24166
24167
24170
24184
24186
24188
24193
24197
24199
24200
24201
24207
24217
24219
24221
24230
24231
24237
24242
24244
24245
24266
24270
24272
24276
24277
24280
24285
24289
24290
24295
24297
24298
24302
24303
24304
24315
24317
24323
24324
24332
24334
24337
24344
24346
24348
24351
24354
24358
24360
24366
24369
24382
24385
24386
24390
24401
24403
24408
24412
24427
24435
24439
24442
24443
24459
24460
24469
24470
24481
24487
24490
24500
24502
24504
24507
24508
24526
24527
24528
24530
24531
24535
24542
24544
24551
24555
24559
24563
24566
24571
24573
24575
24578
24579
24580
24582
24583
24596
24600
24603
24604
24624
24625
24628
24634
24638
24642
24647
24649
24652
24660
24664
24666
24668
24669
24676
24679
24693
24699
24700
24701
24712
24720
24721
24722
24725
24727
24733
24734
24742
24749
24752
24755
24785
24787
24794
24797
24799
24806
24816
24817
24818
24821
24822
24828
24830
24852
24862
24865
24868
24869
24887
24894
24900
24903
24907
24909
24915
24919
24921
24927
24938
24952
24959
24963
24968
24973
24974
24979
24983
24987
24991
24992
24993
25004
25007
25009
25018
25023
25034
25041
25044
25045
25053
25057
25062
25063
25064
25073
25075
25078
25083
25092
25095
25101
25103
25105
25115
25116
25117
25118
25124
25128
25131
25137
25140
25146
25147
25148
25152
25155
25162
25164
25165
25168
25170
25171
25175
25181
25187
25200
25204
25209
25210
25211
25216
25217
25218
25223
25225
25236
25241
25247
25252
25255
25257
25258
25260
25264
25267
25273
25283
25284
25286
25293
25294
25299
25300
25310
25312
25314
25318
25322
25331
25333
25334
25340
25343
25344
25346
25353
25367
25371
25386
25393
25402
25408
25419
25423
25425
25427
25428
25429
25432
25434
25446
25449
25451
25456
25459
25460
25468
25471
25472
25474
25478
25487
25499
25502
25503
25516
25530
25532
25543
25544
25546
25549
25553
25557
25561
25576
25580
25591
25598
25600
25605
25609
25616
25619
25622
25629
25633
25640
25645
25658
25663
25667
25673
25678
25681
25689
25691
25692
25697
25700
25702
25705
25708
25710
25716
25718
25730
25736
25738
25745
25749
25756
25770
25773
25779
25780
25781
25786
25792
25798
25805
25806
25822
25825
25828
25831
25837
25841
25844
25848
25856
25857
25864
25866
25868
25875
25884
25885
25890
25891
25901
25903
25905
25907
25914
25917
25918
25927
25930
25941
25949
25953
25958
25961
25966
25968
25971
25989
25995
25998
26003
26008
26014
26019
26022
26023
26026
26033
26035
26041
26044
26048
26060
26061
26062
26065
26067
26079
26080
26094
26098
26101
26103
26104
26108
26123
26124
26126
26129
26133
26137
26141
26143
26147
26148
26150
26156
26157
26162
26164
26167
26168
26189
26190
26192
26200
26202
26204
26206
26208
26214
26218
26227
26234
26237
26242
26247
26253
26259
26264
26275
26278
26282
26285
26288
26289
26291
26293
26299
26308
26317
26322
26331
26334
26336
26343
26344
26351
26355
26370
26372
26384
26388
26389
26398
26401
26404
26406
26427
26429
26436
26443
26450
26453
26463
26464
26468
26473
26477
26487
26488
26490
26492
26493
26502
26510
26512
26515
26516
26523
26526
26527
26528
26532
26533
26534
26540
26543
26546
26547
26548
26551
26554
26555
26558
26561
26564
26569
26570
26574
26590
26591
26605
26608
26610
26612
26613
26614
26618
26619
26622
26624
26628
26637
26641
26642
26644
26649
26651
26653
26655
26657
26661
26667
26669
26678
26679
26685
26686
26690
26699
26711
26713
26715
26731
26733
26738
26750
26753
26754
26756
26762
26763
26764
26770
26772
26777
26778
26782
26785
26793
26801
26804
26805
26806
26808
26810
26816
26817
26820
26824
26832
26837
26838
26841
26843
26849
26854
26864
26865
26878
26879
26880
26886
26889
26894
26898
26900
26903
26907
26909
26911
26915
26917
26923
26931
26943
26946
26952
26953
26955
26963
26974
26984
26998
27006
27007
27011
27018
27028
27032
27033
27041
27043
27044
27047
27050
27059
27063
27073
27084
27086
27094
27102
27104
27119
27121
27124
27130
27135
27140
27142
27153
27157
27167
27168
27173
27189
27193
27194
27197
27204
27222
27224
27226
27227
27228
27238
27241
27242
27245
27247
27280
27288
27293
27307
27325
27327
27335
27345
27346
27350
27354
27360
27365
27367
27370
27372
27376
27378
27379
27380
27384
27385
27391
27392
27395
27396
27400
27406
27420
27424
27427
27432
27433
27437
27443
27446
27462
27467
27472
27475
27477
27482
27483
27494
27502
27510
27512
27522
27533
27536
27547
27551
27567
27571
27572
27573
27584
27585
27587
27600
27602
27604
27608
27609
27616
27621
27622
27625
27630
27632
27635
27642
27650
27653
27666
27667
27673
27682
27686
27690
27692
27695
27699
27700
27712
27714
27718
27720
27723
27724
27734
27736
27738
27739
27742
27743
27748
27751
27757
27758
27760
27772
27793
27795
27802
27803
27823
27837
27841
27849
27857
27860
27864
27867
27891
27894
27896
27900
27903
27910
27915
27928
27929
27935
27947
27948
27952
27960
27962
27965
27966
27976
27980
27984
27995
27997
28000
28003
28009
28011
28026
28028
28041
28042
28043
28044
28049
28058
28060
28063
28066
28067
28068
28072
28074
28079
28080
28092
28095
28097
28109
28121
28125
28133
28136
28142
28151
28157
28161
28164
28171
28173
28180
28185
28188
28191
28192
28206
28215
28216
28217
28218
28233
28235
28236
28238
28239
28252
28253
28254
28257
28258
28259
28260
28279
28286
28295
28301
28302
28306
28308
28315
28317
28320
28321
28327
28328
28336
28340
28341
28343
28356
28357
28362
28365
28382
28392
28410
28416
28422
28428
28434
28441
28446
28449
28450
28454
28458
28461
28463
28465
28471
28476
28488
28497
28504
28513
28516
28530
28538
28544
28561
28562
28586
28592
28593
28605
28610
28618
28621
28625
28627
28631
28632
28639
28647
28649
28659
28671
28675
28677
28685
28688
28689
28697
28701
28707
28708
28715
28717
28729
28731
28738
28739
28742
28750
28751
28755
28758
28763
28767
28770
28782
28815
28822
28830
28844
28847
28853
28857
28862
28867
28873
28880
28906
28919
28920
28921
28924
28926
28928
28943
28949
28953
28957
28958
28964
28973
28979
28989
28998
28999
29007
29010
29012
29014
29016
29017
29026
29029
29031
29035
29041
29045
29064
29081
29089
29090
29094
29096
29103
29106
29112
29113
29127
29133
29155
29157
29166
29174
29177
29178
29182
29195
29201
29202
29204
29208
29211
29222
29234
29239
29243
29246
29269
29273
29282
29283
29284
29285
29292
29293
29296
29297
29298
29299
29302
29309
29310
29311
29313
29316
29318
29321
29322
29327
29328
29331
29343
29346
29357
29369
29371
29377
29388
29397
29404
29407
29408
29415
29420
29422
29435
29436
29438
29440
29443
29450
29456
29457
29458
29464
29472
29474
29478
29491
29492
29493
29500
29506
29508
29512
29518
29523
29534
29535
29538
29541
29542
29543
29544
29549
29551
29552
29554
29560
29567
29570
29571
29582
29584
29587
29588
29591
29594
29612
29617
29622
29625
29635
29641
29642
29643
29648
29650
29653
29657
29658
29663
29672
29677
29689
29691
29696
29709
29712
29715
29725
29727
29730
29748
29751
29752
29754
29755
29760
29762
29765
29768
29784
29786
29796
29797
29806
29809
29812
29832
29844
29850
29858
29860
29866
29867
29877
29886
29891
29903
29908
29913
29921
29925
29926
29928
29933
29934
29950
29954
29956
29957
29958
29964
29973
29997
29999
30003
30017
30018
30021
30037
30038
30039
30047
30054
30057
30064
30074
30075
30096
30097
30101
30118
30120
30125
30134
30138
30143
30145
30146
30147
30150
30152
30154
30160
30171
30172
30174
30177
30180
30181
30183
30186
30195
30202
30211
30218
30226
30230
30231
30236
30237
30245
30251
30252
30258
30263
30269
30279
30287
30291
30293
30299
30300
30319
30320
30324
30331
30337
30339
30358
30364
30367
30368
30373
30374
30379
30394
30399
30402
30406
30407
30419
30421
30432
30451
30456
30463
30470
30474
30475
30494
30498
30499
30511
30519
30537
30539
30546
30559
30561
30571
30576
30582
30594
30603
30611
30634
30637
30644
30646
30656
30663
30670
30675
30677
30683
30684
30686
30688
30697
30715
30719
30724
30725
30730
30744
30747
30749
30755
30760
30775
30778
30779
30794
30800
30808
30812
30816
30823
30826
30835
30837
30851
30854
30863
30875
30883
30885
30892
30895
30900
30901
30909
30912
30914
30919
30928
30930
30951
30969
30973
30974
30976
30982
30988
30990
31000
31010
31013
31023
31025
31028
31034
31038
31049
31057
31061
31062
31084
31085
31086
31088
31092
31097
31098
31100
31103
31105
31114
31118
31128
31129
31130
31136
31137
31144
31147
31150
31151
31153
31154
31157
31168
31172
31173
31184
31196
31201
31209
31212
31230
31233
31244
31251
31255
31262
31265
31276
31286
31314
31315
31324
31329
31337
31338
31341
31346
31349
31350
31354
31355
31358
31363
31375
31376
31377
31379
31385
31392
31409
31410
31413
31436
31439
31440
31445
31456
31467
31471
31483
31485
31487
31489
31490
31505
31509
31517
31520
31530
31544
31547
31548
31552
31562
31564
31572
31584
31588
31589
31600
31606
31617
31619
31621
31625
31626
31637
31644
31654
31656
31659
31661
31671
31686
31690
31695
31699
31712
31713
31720
31724
31725
31735
31752
31762
31764
31766
31778
31781
31788
31789
31797
31799
31802
31816
31821
31824
31826
31838
31841
31846
31858
31871
31875
31886
31901
31902
31918
31924
31925
31930
31935
31946
31959
31961
31971
31972
31975
31978
31979
31984
31988
31989
31995
31996
31997
32002
32003
32006
32008
32009
32015
32017
32045
32049
32052
32061
32071
32096
32100
32107
32114
32129
32143
32147
32149
32157
32169
32191
32205
32224
32229
32235
32237
32251
32254
32256
32260
32271
32280
32282
32288
32290
32300
32303
32304
32310
32313
32325
32335
32338
32354
32364
32378
32387
32391
32396
32412
32428
32439
32447
32449
32451
32453
32462
32468
32471
32472
32480
32488
32497
32508
32516
32521
32523
32524
32534
32554
32561
32579
32603
32615
32623
32625
32627
32633
32635
32636
32641
32656
32666
32671
32674
32675
32680
32689
32690
32692
32696
32713
32717
32723
32743
32751
32758
32766
32772
32773
32780
32783
32784
32787
32790
32791
32793
32804
32817
32820
32828
32830
32831
32832
32834
32835
32848
32866
32872
32879
32881
32894
32895
32897
32898
32905
32907
32915
32916
32924
32935
32939
32944
32958
32971
32974
32975
32979
32980
32998
33011
33018
33030
33033
33041
33055
33067
33069
33087
33089
33091
33093
33094
33108
33110
33111
33113
33120
33126
33129
33131
33153
33159
33162
33191
33193
33199
33204
33206
33208
33210
33224
33229
33235
33236
33241
33244
33254
33256
33259
33265
33269
33271
33273
33283
33286
33289
33295
33298
33301
33303
33310
33311
33318
33319
33324
33331
33340
33341
33342
33343
33350
33351
33356
33358
33365
33373
33376
33385
33388
33389
33400
33403
33407
33413
33436
33441
33447
33509
33517
33528
33532
33534
33535
33539
33545
33557
33569
33578
33579
33582
33586
33593
33625
33633
33635
33639
33640
33651
33652
33655
33659
33662
33667
33671
33673
33676
33686
33687
33694
33702
33713
33723
33733
33735
33740
33750
33752
33761
33763
33779
33782
33791
33793
33803
33805
33807
33810
33811
33829
33831
33840
33848
33853
33857
33860
33877
33880
33886
33887
33892
33893
33900
33901
33902
33915
33922
33924
33931
33932
33950
33961
33974
33993
34005
34015
34021
34024
34030
34032
34035
34043
34045
34051
34059
34062
34071
34082
34086
34088
34094
34098
34099
34105
34112
34114
34122
34131
34134
34135
34147
34170
34171
34174
34176
34185
34186
34188
34191
34203
34204
34205
34209
34210
34218
34222
34224
34232
34237
34243
34250
34257
34261
34271
34282
34283
34291
34298
34313
34315
34320
34322
34327
34337
34344
34367
34374
34377
34378
34380
34386
34387
34419
34422
34426
34451
34455
34459
34483
34493
34494
34500
34519
34521
34523
34526
34531
34532
34533
34534
34535
34537
34538
34541
34543
34548
34551
34555
34558
34559
34563
34569
34574
34577
34580
34584
34586
34593
34600
34601
34602
34609
34620
34624
34625
34628
34643
34645
34646
34651
34653
34663
34674
34685
34707
34722
34725
34727
34735
34736
34742
34745
34748
34755
34762
34765
34766
34773
34780
34781
34786
34795
34802
34810
34822
34826
34833
34855
34858
34866
34872
34879
34915
34925
34933
34936
34942
34952
34991
34992
34995
35000
35002
35007
35014
35015
35017
35021
35022
35032
35035
35036
35037
35044
35061
35072
35073
35088
35099
35106
35114
35121
35124
35125
35126
35134
35138
35140
35141
35145
35146
35147
35157
35160
35161
35165
35166
35169
35178
35188
35195
35196
35218
35221
35226
35231
35232
35247
35248
35274
35282
35288
35289
35293
35299
35302
35306
35344
35358
35372
35374
35378
35386
35393
35395
35400
35409
35419
35426
35430
35431
35435
35463
35464
35473
35474
35475
35481
35482
35494
35497
35504
35516
35522
35531
35538
35541
35542
35543
35547
35551
35555
35564
35574
35577
35585
35590
35594
35602
35604
35605
35614
35617
35623
35629
35634
35635
35643
35644
35655
35672
35675
35678
35679
35680
35683
35691
35692
35698
35701
35704
35705
35707
35709
35716
35718
35719
35729
35740
35742
35748
35751
35764
35765
35767
35776
35778
35780
35784
35787
35790
35793
35800
35806
35809
35819
35821
35824
35845
35849
35851
35862
35872
35880
35885
35893
35894
35901
35904
35908
35909
35912
35920
35930
35931
35934
35937
35941
35945
35947
35953
35956
35959
35970
35971
35975
35978
35980
35983
35985
35988
35999
36004
36013
36015
36016
36022
36026
36027
36028
36036
36053
36066
36084
36093
36098
36104
36110
36119
36123
36151
36154
36162
36165
36171
36176
36180
36182
36186
36188
36195
36196
36201
36202
36214
36221
36222
36246
36249
36254
36265
36268
36275
36276
36295
36312
36320
36333
36343
36344
36349
36350
36353
36354
36367
36369
36397
36416
36438
36445
36449
36453
36456
36464
36474
36482
36496
36497
36501
36526
36535
36546
36553
36557
36571
36584
36588
36589
36593
36594
36597
36598
36602
36610
36613
36616
36627
36630
36634
36636
36641
36667
36675
36683
36693
36703
36712
36725
36733
36734
36749
36751
36760
36765
36770
36773
36774
36793
36794
36802
36828
36831
36834
36836
36840
36864
36884
36892
36893
36895
36899
36901
36931
36934
36939
36940
36944
36962
36967
36975
36981
36984
36988
36996
37001
37003
37011
37020
37043
37045
37052
37056
37066
37072
37079
37085
37088
37095
37107
37115
37116
37121
37125
37139
37140
37147
37158
37163
37164
37169
37172
37179
37180
37182
37183
37205
37208
37212
37218
37224
37250
37252
37263
37267
37276
37281
37288
37303
37309
37310
37327
37336
37351
37356
37358
37361
37363
37374
37379
37380
37395
37396
37416
37421
37436
37441
37448
37457
37458
37463
37467
37476
37481
37488
37490
37506
37508
37514
37516
37529
37536
37554
37556
37562
37566
37574
37586
37592
37595
37602
37631
37634
37641
37643
37656
37667
37673
37676
37693
37701
37707
37710
37715
37718
37726
37732
37734
37735
37740
37745
37754
37761
37774
37775
37782
37785
37787
37793
37794
37799
37823
37827
37844
37848
37852
37860
37877
37886
37890
37892
37915
37916
37943
37956
37972
37978
37980
37986
37992
37993
37998
37999
38002
38004
38012
38026
38028
38033
38045
38049
38066
38068
38074
38076
38097
38116
38127
38135
38136
38140
38148
38155
38170
38172
38187
38191
38192
38214
38245
38269
38279
38281
38324
38325
38331
38333
38334
38335
38339
38351
38363
38368
38369
38372
38375
38378
38387
38390
38394
38402
38408
38424
38425
38430
38433
38442
38460
38465
38469
38482
38488
38489
38495
38508
38512
38523
38528
38538
38562
38563
38581
38587
38591
38593
38595
38598
38601
38606
38607
38619
38622
38625
38627
38637
38641
38643
38645
38649
38655
38658
38661
38663
38676
38680
38681
38685
38691
38698
38703
38710
38712
38715
38718
38725
38729
38734
38738
38756
38764
38766
38769
38775
38783
38795
38798
38806
38807
38817
38823
38829
38836
38838
38841
38845
38855
38870
38872
38877
38892
38895
38906
38920
38921
38930
38931
38935
38937
38939
38944
38953
38992
38994
39013
39017
39023
39034
39037
39042
39046
39048
39049
39054
39064
39072
39074
39076
39078
39084
39087
39094
39100
39103
39105
39109
39129
39141
39147
39148
39155
39163
39180
39198
39202
39204
39210
39219
39226
39228
39242
39244
39248
39249
39255
39257
39267
39268
39277
39282
39286
39294
39297
39302
39308
39309
39310
39330
39335
39344
39355
39356
39361
39364
39380
39390
39393
39417
39441
39446
39470
39506
39524
39531
39532
39533
39539
39557
39565
39566
39571
39588
39601
39603
39621
39637
39644
39649
39652
39661
39663
39673
39675
39678
39698
39721
39737
39741
39744
39748
39754
39761
39771
39773
39776
39801
39811
39823
39834
39835
39840
39844
39845
39846
39849
39866
39867
39875
39914
39919
39927
39930
39931
39950
39952
39955
39965
39968
39972
39983
39990
39998
40007
40016
40019
40022
40027
40039
40049
40056
40057
40068
40082
40084
40103
40104
40106
40112
40125
40136
40139
40148
40155
40161
40167
40179
40197
40199
40203
40229
40252
40253
40257
40276
40284
40304
40309
40336
40337
40350
40352
40355
40358
40372
40381
40387
40393
40406
40420
40436
40453
40457
40476
40486
40490
40503
40510
40511
40516
40518
40523
40527
40528
40541
40551
40557
40568
40569
40576
40588
40598
40610
40624
40628
40657
40681
40693
40698
40701
40718
40723
40729
40746
40751
40758
40759
40767
40784
40793
40798
40802
40811
40823
40833
40834
40835
40838
40857
40878
40885
40889
40904
40909
40912
40922
40923
40976
40979
40980
40988
41009
41020
41024
41034
41042
41047
41052
41054
41062
41088
41092
41105
41108
41128
41135
41153
41173
41179
41182
41200
41204
41213
41220
41223
41224
41229
41244
41266
41267
41270
41275
41278
41282
41287
41288
41306
41317
41332
41339
41345
41353
41372
41376
41380
41382
41395
41403
41412
41416
41439
41451
41453
41454
41468
41480
41489
41490
41491
41493
41499
41502
41515
41534
41538
41553
41554
41560
41563
41571
41575
41578
41586
41587
41592
41606
41614
41632
41641
41651
41654
41681
41685
41698
41714
41717
41718
41720
41728
41747
41763
41764
41774
41777
41778
41784
41796
41799
41808
41813
41816
41831
41834
41836
41853
41861
41863
41882
41884
41900
41902
41915
41929
41930
41933
41954
41955
41961
41972
41973
41982
41984
41997
41998
42000
42005
42012
42020
42045
42051
42052
42055
42065
42075
42078
42085
42088
42103
42116
42132
42151
42159
42173
42177
42181
42199
42204
42208
42209
42216
42218
42236
42238
42249
42256
42266
42268
42275
42279
42295
42326
42328
42329
42340
42346
42353
42359
42364
42367
42369
42370
42377
42382
42389
42398
42412
42416
42417
42427
42429
42436
42441
42446
42449
42458
42463
42465
42467
42495
42529
42564
42585
42589
42598
42601
42613
42614
42625
42634
42643
42648
42661
42668
42673
42683
42695
42705
42707
42714
42720
42728
42733
42741
42743
42744
42750
42753
42757
42759
42773
42780
42809
42815
42824
42836
42852
42855
42857
42884
42890
42897
42898
42903
42911
42926
42929
42962
43000
43006
43016
43022
43032
43050
43061
43065
43072
43077
43095
43098
43100
43101
43117
43120
43138
43141
43143
43146
43161
43168
43176
43188
43189
43190
43196
43197
43208
43215
43233
43240
43245
43265
43270
43283
43303
43311
43314
43318
43320
43327
43328
43339
43347
43355
43365
43374
43375
43381
43388
43393
43400
43402
43409
43413
43414
43423
43449
43456
43460
43467
43472
43473
43480
43487
43493
43494
43499
43510
43511
43523
43540
43551
43555
43561
43565
43568
43595
43613
43617
43632
43644
43650
43652
43664
43668
43670
43693
43697
43702
43716
43719
43724
43731
43732
43738
43741
43765
43770
43774
43797
43828
43831
43832
43844
43853
43854
43867
43874
43876
43882
43900
43910
43929
43935
43939
43946
43953
43967
43977
43982
43986
43996
43997
44007
44012
44023
44026
44030
44066
44078
44083
44095
44103
44111
44115
44116
44119
44125
44133
44149
44166
44182
44183
44184
44192
44193
44199
44204
44208
44212
44218
44219
44227
44231
44232
44239
44244
44258
44272
44292
44301
44305
44314
44334
44346
44354
44363
44374
44375
44378
44394
44397
44401
44424
44431
44433
44439
44456
44474
44480
44484
44511
44521
44529
44550
44559
44564
44572
44573
44588
44592
44598
44600
44629
44639
44644
44646
44653
44670
44674
44675
44678
44679
44681
44683
44684
44697
44702
44712
44719
44732
44734
44739
44752
44776
44788
44796
44816
44829
44839
44844
44863
44868
44872
44878
44884
44886
44887
44889
44896
44900
44932
44952
44958
44975
44984
44995
45019
45035
45044
45047
45061
45065
45076
45119
45127
45130
45138
45156
45157
45161
45175
45185
45191
45200
45214
45221
45229
45240
45259
45276
45277
45283
45299
45304
45309
45326
45328
45329
45334
45344
45345
45349
45356
45361
45366
45369
45371
45374
45388
45391
45397
45398
45403
45416
45427
45447
45448
45458
45462
45465
45481
45482
45487
45495
45510
45522
45531
45537
45543
45559
45569
45577
45585
45597
45600
45605
45608
45620
45621
45668
45684
45691
45693
45697
45715
45725
45726
45734
45754
45759
45770
45776
45811
45830
45832
45843
45850
45852
45863
45877
45881
45888
45905
45920
45924
45928
45933
45935
45938
45941
45942
45943
45949
45961
45975
45991
45999
46004
46032
46055
46058
46073
46083
46100
46107
46108
46120
46124
46130
46133
46137
46139
46142
46170
46174
46197
46205
46210
46212
46216
46227
46250
46251
46262
46271
46279
46283
46288
46316
46318
46323
46324
46333
46343
46366
46369
46374
46398
46399
46408
46438
46451
46459
46473
46478
46482
46490
46505
46506
46521
46522
46525
46529
46564
46577
46590
46591
46598
46607
46608
46611
46617
46660
46676
46690
46702
46728
46734
46748
46755
46757
46758
46768
46773
46781
46793
46796
46806
46808
46819
46821
46833
46834
46847
46848
46855
46863
46899
46902
46925
46928
46930
46931
46944
46956
46957
46987
47013
47023
47026
47029
47089
47090
47096
47101
47103
47111
47128
47131
47132
47139
47149
47161
47163
47164
47165
47181
47187
47193
47194
47201
47202
47219
47221
47226
47229
47235
47241
47248
47264
47277
47278
47290
47298
47302
47308
47310
47326
47332
47338
47341
47354
47355
47364
47366
47383
47389
47396
47410
47417
47424
47433
47445
47452
47455
47457
47460
47464
47471
47493
47501
47506
47532
47551
47573
47580
47614
47622
47632
47634
47646
47656
47675
47681
47688
47692
47696
47711
47722
47728
47731
47732
47733
47739
47756
47760
47771
47772
47773
47774
47779
47785
47789
47800
47807
47830
47848
47857
47858
47866
47869
47890
47894
47895
47906
47914
47916
47927
47932
47939
47942
47944
47953
47955
47959
47960
47975
47980
47985
47986
47993
47999
48003
48010
48011
48026
48043
48055
48057
48074
48081
48093
48113
48116
48117
48119
48141
48142
48167
48181
48184
48185
48188
48205
48213
48217
48219
48220
48225
48232
48233
48235
48265
48280
48292
48300
48306
48308
48310
48325
48326
48338
48360
48366
48372
48374
48382
48396
48397
48401
48407
48409
48441
48470
48475
48482
48485
48497
48507
48524
48528
48551
48570
48595
48601
48603
48608
48611
48631
48632
48636
48647
48659
48664
48671
48675
48684
48699
48707
48727
48728
48743
48744
48753
48774
48794
48795
48796
48804
48810
48812
48813
48818
48832
48833
48855
48870
48890
48895
48905
48906
48911
48928
48929
48936
48945
48960
48964
48971
48979
48984
49007
49008
49011
49024
49054
49064
49068
49096
49097
49098
49125
49128
49133
49134
49142
49146
49152
49162
49170
49172
49179
49183
49198
49211
49219
49223
49256
49259
49261
49273
49282
49287
49288
49289
49300
49325
49329
49334
49348
49366
49382
49403
49422
49462
49465
49469
49471
49493
49527
49534
49547
49549
49558
49575
49581
49618
49620
49625
49632
49639
49663
49664
49671
49675
49697
49701
49703
49713
49718
49724
49733
49760
49763
49765
49766
49776
49788
49798
49801
49825
49826
49830
49832
49835
49836
49839
49858
49868
49869
49875
49877
49878
49879
49889
49891
49894
49897
49907
49908
49918
49927
49928
49948
49971
49976
49992
49995
49996
49999
50004
50030
50043
50046
50054
50056
50078
50082
50086
50091
50098
50114
50123
50129
50176
50188
50201
50209
50216
50226
50229
50233
50245
50247
50251
50274
50285
50289
50291
50296
50304
50312
50313
50318
50319
50322
50330
50333
50348
50352
50355
50358
50361
50366
50370
50371
50390
50398
50402
50405
50415
50436
50441
50445
50465
50472
50486
50500
50525
50543
50548
50562
50564
50569
50572
50588
50606
50622
50636
50642
50651
50657
50679
50693
50697
50700
50705
50707
50713
50725
50749
50757
50763
50776
50792
50802
50808
50812
50838
50848
50861
50866
50885
50897
50904
50912
50921
50932
50933
50940
50947
50949
50959
50966
50971
50986
51012
51042
51046
51047
51049
51067
51072
51074
51085
51087
51088
51089
51102
51103
51118
51179
51180
51201
51204
51215
51220
51227
51234
51241
51249
51266
51268
51272
51273
51292
51319
51326
51333
51338
51340
51347
51355
51365
51368
51372
51381
51390
51392
51394
51401
51407
51411
51416
51422
51424
51471
51473
51476
51487
51488
51509
51515
51520
51525
51535
51541
51556
51574
51587
51595
51598
51620
51623
51635
51638
51644
51657
51666
51694
51695
51716
51723
51741
51790
51794
51797
51819
51822
51833
51842
51845
51866
51874
51875
51878
51886
51888
51889
51891
51901
51905
51908
51915
51918
51923
51948
51952
51953
51958
51959
51960
51976
51979
51989
51997
52000
52032
52053
52059
52062
52066
52105
52117
52119
52120
52140
52141
52146
52166
52172
52175
52188
52191
52204
52240
52250
52264
52275
52295
52304
52317
52320
52327
52339
52340
52341
52354
52369
52371
52380
52390
52397
52398
52426
52434
52444
52450
52451
52464
52465
52486
52488
52514
52519
52525
52549
52562
52565
52591
52611
52616
52622
52624
52640
52642
52654
52659
52665
52671
52680
52696
52707
52733
52742
52753
52759
52778
52782
52783
52784
52823
52838
52864
52865
52870
52877
52887
52893
52901
52903
52907
52915
52919
52920
52931
52939
52940
52947
52949
52953
52954
52956
52958
52961
52965
52971
52975
52977
52984
52992
52993
53007
53017
53031
53037
53045
53057
53074
53077
53102
53109
53125
53133
53140
53146
53159
53163
53224
53236
53238
53260
53265
53269
53276
53293
53294
53303
53310
53327
53337
53345
53349
53354
53380
53390
53405
53412
53415
53442
53475
53512
53513
53518
53527
53533
53566
53574
53577
53596
53609
53611
53615
53631
53640
53642
53665
53683
53691
53699
53708
53709
53720
53740
53751
53754
53771
53773
53782
53784
53800
53810
53818
53824
53829
53843
53851
53865
53880
53897
53916
53923
53955
53971
53977
53983
53990
53991
53995
54003
54004
54040
54067
54072
54084
54085
54099
54102
54114
54132
54135
54154
54159
54177
54189
54195
54205
54219
54227
54247
54254
54255
54275
54306
54307
54315
54318
54331
54333
54338
54350
54383
54392
54394
54395
54409
54419
54439
54476
54488
54507
54529
54536
54547
54551
54554
54562
54572
54577
54586
54587
54589
54603
54616
54621
54638
54693
54699
54703
54706
54719
54759
54771
54789
54791
54794
54802
54866
54878
54883
54907
54931
54934
54953
54962
54971
54978
54991
55000
55002
55006
55018
55020
55022
55036
55045
55046
55074
55079
55091
55101
55114
55120
55125
55170
55196
55197
55224
55226
55249
55267
55274
55288
55299
55322
55338
55343
55347
55373
55374
55375
55395
55404
55408
55425
55426
55435
55441
55451
55471
55483
55512
55521
55531
55544
55549
55559
55572
55580
55590
55606
55616
55645
55661
55665
55671
55684
55687
55694
55713
55718
55730
55769
55771
55786
55802
55804
55810
55818
55852
55855
55856
55857
55864
55883
55889
55943
55950
55955
55956
55959
55968
56004
56009
56010
56024
56059
56091
56127
56134
56147
56149
56172
56183
56193
56205
56212
56232
56234
56250
56253
56262
56267
56293
56317
56320
56364
56376
56378
56380
56383
56385
56394
56397
56415
56435
56445
56470
56485
56486
56495
56511
56538
56546
56547
56552
56553
56582
56583
56593
56623
56678
56689
56697
56743
56749
56761
56764
56792
56793
56821
56860
56867
56879
56885
56900
56905
56907
56911
56919
56925
56933
56941
56948
56953
56977
56986
57004
57018
57028
57035
57038
57048
57063
57064
57068
57078
57081
57104
57112
57142
57146
57150
57152
57154
57155
57166
57171
57172
57208
57250
57265
57267
57293
57296
57316
57336
57354
57357
57409
57423
57441
57444
57468
57469
57471
57475
57491
57496
57508
57513
57520
57528
57532
57534
57536
57542
57550
57551
57559
57571
57572
57576
57589
57592
57596
57598
57599
57615
57617
57621
57660
57670
57690
57708
57712
57717
57736
57739
57764
57774
57818
57821
57832
57836
57867
57872
57895
57901
57914
57925
57949
57956
57997
58017
58023
58036
58046
58075
58077
58085
58111
58118
58120
58124
58136
58140
58173
58176
58183
58196
58222
58233
58247
58248
58256
58267
58277
58286
58302
58305
58306
58317
58333
58350
58351
58360
58377
58400
58405
58420
58426
58433
58446
58456
58470
58485
58496
58497
58499
58524
58533
58548
58558
58571
58574
58581
58584
58593
58594
58602
58603
58614
58621
58623
58626
58646
58647
58651
58655
58699
58701
58716
58721
58725
58740
58751
58755
58766
58807
58849
58861
58883
58896
58921
58923
58932
58957
58977
58980
58982
58986
59042
59055
59056
59059
59064
59074
59077
59082
59093
59128
59162
59175
59178
59204
59220
59229
59239
59276
59284
59286
59294
59301
59348
59349
59365
59380
59386
59418
59432
59454
59460
59469
59479
59493
59509
59514
59529
59542
59549
59583
59600
59610
59624
59632
59637
59640
59642
59653
59666
59670
59671
59680
59684
59700
59716
59717
59733
59739
59763
59769
59770
59802
59829
59841
59852
59859
59860
59882
59884
59902
59929
59930
59933
59946
59964
59966
59970
59977
59987
59988
59996
60002
60003
60025
60029
60037
60055
60062
60073
60082
60111
60122
60162
60186
60197
60217
60258
60266
60271
60273
60285
60291
60312
60318
60322
60327
60333
60346
60360
60363
60391
60404
60435
60445
60446
60459
60462
60467
60470
60476
60480
60484
60485
60489
60491
60503
60511
60514
60518
60564
60583
60584
60592
60593
60602
60610
60612
60623
60658
60681
60690
60723
60724
60735
60738
60793
60794
60796
60814
60840
60851
60854
60856
60876
60881
60893
60921
60922
60923
60984
60988
60991
60995
61005
61030
61036
61055
61058
61079
61103
61108
61119
61126
61153
61154
61161
61170
61191
61195
61209
61211
61220
61228
61264
61274
61367
61368
61369
61383
61384
61409
61411
61416
61421
61433
61438
61444
61446
61476
61478
61485
61493
61501
61520
61536
61544
61569
61571
61574
61576
61604
61610
61620
61643
61646
61660
61672
61678
61686
61732
61744
61752
61758
61768
61769
61770
61781
61784
61790
61797
61815
61816
61818
61819
61829
61835
61841
61846
61862
61879
61889
61910
61911
61924
61925
61932
61946
61956
61966
61971
62002
62020
62024
62043
62065
62070
62085
62095
62117
62137
62138
62143
62151
62183
62196
62197
62217
62225
62236
62238
62247
62261
62272
62305
62321
62345
62364
62398
62411
62414
62428
62441
62462
62469
62502
62517
62534
62553
62579
62586
62623
62626
62639
62643
62667
62680
62691
62695
62696
62727
62751
62762
62771
62807
62810
62819
62837
62844
62871
62930
62948
62957
62966
62971
62980
62982
62985
62991
63001
63011
63073
63099
63113
63115
63118
63164
63165
63175
63186
63192
63209
63230
63232
63250
63261
63277
63280
63281
63307
63319
63320
63330
63340
63350
63368
63375
63393
63396
63430
63442
63452
63471
63501
63520
63521
63527
63544
63548
63559
63561
63575
63576
63613
63624
63653
63656
63661
63681
63682
63690
63723
63727
63731
63734
63736
63738
63754
63770
63821
63872
63873
63879
63885
63893
63908
63961
63985
63990
64017
64021
64024
64042
64057
64063
64070
64089
64090
64130
64132
64133
64138
64146
64173
64179
64203
64241
64258
64277
64295
64298
64319
64326
64335
64358
64379
64381
64395
64399
64422
64423
64425
64441
64445
64448
64476
64485
64489
64538
64547
64558
64561
64604
64606
64619
64622
64635
64650
64662
64700
64723
64726
64734
64756
64763
64778
64804
64811
64816
64836
64838
64867
64871
64882
64889
64913
64914
64915
64941
64944
64951
64963
64970
64990
65032
65042
65059
65063
65070
65079
65081
65088
65092
65109
65119
65141
65150
65177
65184
65201
65205
65244
65254
65257
65297
65305
65312
65316
65319
65337
65342
65379
65384
65386
65389
65393
65402
65406
65411
65424
65439
65446
65450
65473
65495
65526
65531
65552
65582
65585
65611
65618
65630
65637
65654
65655
65691
65721
65753
65769
65789
65798
65838
65861
65863
65885
65902
65909
65932
65937
65950
65961
65972
65973
65975
66034
66039
66043
66052
66054
66064
66074
66127
66153
66169
66170
66186
66244
66294
66307
66314
66317
66329
66336
66352
66359
66365
66366
66375
66376
66394
66420
66425
66447
66449
66460
66469
66474
66480
66488
66536
66550
66563
66576
66580
66583
66590
66592
66606
66615
66622
66636
66659
66660
66683
66690
66702
66706
66708
66762
66770
66773
66793
66836
66848
66854
66857
66862
66885
66945
66967
66969
66979
66983
67008
67022
67039
67095
67113
67126
67169
67185
67194
67208
67220
67230
67237
67268
67272
67283
67284
67334
67347
67375
67389
67418
67433
67446
67447
67463
67467
67486
67499
67504
67517
67518
67528
67537
67572
67575
67577
67584
67590
67605
67625
67632
67635
67639
67649
67677
67708
67710
67724
67739
67745
67747
67752
67785
67838
67861
67885
67894
67896
67921
67929
67949
67955
67973
67976
67981
67994
68008
68015
68017
68022
68053
68064
68094
68096
68118
68126
68163
68169
68208
68218
68228
68236
68282
68298
68304
68312
68313
68327
68328
68342
68346
68359
68395
68403
68414
68418
68458
68463
68464
68473
68477
68487
68502
68508
68527
68543
68565
68567
68572
68600
68632
68639
68641
68672
68710
68742
68743
68767
68769
68777
68783
68797
68804
68887
68891
68894
68904
68914
68924
68925
68947
68948
68954
68957
69006
69033
69050
69061
69063
69078
69084
69088
69202
69255
69264
69268
69293
69295
69334
69355
69359
69374
69375
69382
69393
69400
69402
69429
69441
69452
69464
69467
69475
69486
69499
69501
69504
69517
69518
69544
69558
69563
69567
69569
69574
69579
69583
69625
69628
69629
69685
69692
69725
69764
69777
69788
69798
69805
69812
69831
69882
69890
69892
69897
69898
69905
69908
69917
69928
69938
69945
69961
69976
69977
69983
70004
70012
70042
70049
70059
70092
70093
70097
70110
70123
70150
70153
70157
70161
70188
70193
70206
70221
70238
70246
70255
70261
70266
70267
70278
70289
70290
70307
70309
70338
70349
70381
70383
70391
70416
70419
70435
70454
70457
70478
70494
70496
70500
70512
70514
70518
70521
70534
70556
70558
70563
70577
70611
70629
70664
70691
70692
70703
70714
70728
70755
70760
70761
70768
70818
70821
70825
70826
70833
70860
70883
70886
70901
70948
70950
70953
70975
70986
70988
71022
71029
71039
71053
71062
71065
71072
71073
71093
71094
71127
71141
71142
71147
71152
71164
71187
71188
71196
71230
71240
71309
71352
71363
71366
71376
71387
71422
71440
71452
71483
71486
71492
71496
71512
71516
71520
71534
71565
71570
71577
71590
71592
71595
71621
71647
71652
71679
71681
71698
71715
71720
71725
71741
71750
71755
71761
71764
71766
71786
71831
71854
71862
71875
71877
71878
71881
71910
71915
71921
71923
71934
71940
71946
71963
71985
71989
72063
72065
72082
72108
72115
72128
72160
72170
72181
72185
72213
72216
72230
72245
72249
72281
72285
72298
72322
72346
72361
72364
72371
72384
72390
72414
72431
72444
72458
72464
72473
72529
72550
72595
72611
72613
72626
72631
72632
72637
72657
72726
72768
72783
72803
72805
72858
72870
72906
72909
72963
72981
72998
73036
73048
73052
73078
73113
73118
73119
73135
73145
73150
73172
73206
73219
73220
73234
73246
73260
73272
73275
73280
73299
73313
73315
73332
73335
73343
73360
73361
73399
73402
73406
73421
73424
73432
73455
73472
73493
73520
73533
73555
73560
73573
73589
73595
73602
73624
73628
73661
73673
73682
73691
73705
73707
73709
73752
73756
73770
73779
73784
73789
73801
73802
73815
73825
73833
73850
73858
73859
73873
73875
73879
73908
73909
73911
73956
73957
74041
74048
74055
74067
74075
74106
74117
74131
74151
74152
74159
74179
74194
74204
74252
74270
74302
74320
74321
74355
74399
74419
74423
74443
74451
74455
74493
74519
74533
74537
74550
74551
74574
74587
74593
74614
74635
74636
74656
74670
74671
74680
74701
74717
74724
74762
74805
74808
74830
74833
74849
74854
74869
74872
74877
74894
74903
74927
74936
74946
74988
75007
75021
75032
75035
75051
75054
75058
75108
75136
75151
75152
75169
75203
75207
75222
75230
75233
75237
75275
75282
75290
75303
75320
75323
75336
75339
75352
75372
75380
75395
75401
75415
75419
75425
75446
75458
75463
75469
75555
75584
75593
75600
75625
75630
75650
75656
75693
75711
75717
75724
75725
75740
75820
75830
75835
75848
75855
75862
75897
75902
75907
75921
75988
76002
76018
76026
76051
76058
76095
76192
76204
76289
76303
76321
76342
76358
76360
76366
76471
76478
76498
76503
76506
76512
76514
76524
76526
76531
76557
76624
76634
76644
76658
76660
76689
76698
76709
76721
76729
76753
76754
76760
76775
76776
76793
76803
76818
76828
76858
76864
76907
76916
76926
76932
76939
76946
76992
77027
77028
77036
77047
77074
77107
77114
77130
77149
77154
77217
77218
77231
77237
77244
77245
77249
77255
77265
77291
77292
77299
77303
77318
77333
77339
77340
77352
77379
77380
77391
77397
77420
77440
77443
77450
77463
77517
77518
77538
77542
77544
77607
77613
77626
77635
77646
77719
77742
77761
77785
77791
77802
77860
77862
77881
77944
77952
77979
77991
78012
78014
78020
78026
78062
78069
78077
78080
78083
78118
78119
78130
78148
78151
78157
78208
78249
78282
78288
78289
78296
78297
78322
78334
78341
78347
78349
78352
78359
78361
78379
78381
78397
78407
78414
78433
78450
78503
78514
78560
78589
78620
78621
78636
78669
78678
78724
78736
78744
78747
78795
78827
78847
78848
78880
78885
78901
78911
78919
78928
78951
78976
79018
79021
79024
79033
79045
79046
79058
79098
79103
79104
79114
79118
79156
79165
79174
79182
79185
79197
79210
79221
79232
79304
79331
79372
79377
79388
79411
79460
79470
79476
79500
79513
79538
79551
79557
79577
79583
79584
79596
79631
79636
79657
79703
79706
79710
79750
79752
79816
79830
79837
79841
79852
79854
79933
79954
79962
80009
80018
80042
80045
80050
80054
80100
80103
80126
80137
80165
80186
80187
80189
80234
80240
80255
80265
80278
80279
80287
80313
80330
80334
80347
80350
80353
80360
80406
80431
80439
80445
80457
80466
80487
80524
80529
80553
80566
80579
80583
80747
80776
80832
80836
80870
80872
80900
80916
80946
80986
80992
81003
81009
81016
81066
81109
81120
81160
81167
81169
81185
81188
81189
81194
81211
81250
81259
81269
81280
81281
81292
81336
81347
81350
81354
81380
81385
81403
81414
81434
81479
81480
81486
81487
81495
81500
81520
81522
81524
81541
81547
81555
81582
81596
81645
81654
81720
81726
81761
81779
81787
81797
81859
81872
81873
81885
81897
81898
81908
81921
81929
81930
81944
81955
82015
82035
82038
82040
82049
82054
82067
82089
82105
82140
82151
82184
82207
82216
82234
82248
82253
82295
82316
82358
82359
82363
82364
82377
82384
82405
82419
82431
82464
82501
82585
82593
82602
82622
82637
82651
82661
82674
82685
82686
82687
82693
82704
82721
82752
82756
82773
82785
82800
82802
82819
82852
82870
82876
82898
82899
82923
82954
82980
82984
83004
83019
83052
83056
83081
83111
83131
83167
83212
83233
83241
83245
83286
83305
83312
83331
83374
83445
83465
83469
83484
83495
83501
83526
83545
83548
83553
83562
83592
83617
83639
83647
83679
83711
83743
83750
83762
83764
83771
83782
83784
83804
83845
83848
83849
83859
83871
83917
83921
83934
83947
83948
83951
83964
83974
84008
84040
84065
84068
84076
84077
84078
84086
84106
84107
84130
84134
84142
84189
84209
84212
84221
84239
84250
84271
84277
84278
84282
84298
84329
84340
84384
84390
84401
84408
84422
84477
84481
84580
84634
84638
84640
84664
84709
84728
84730
84736
84749
84810
84811
84828
84906
84943
84969
85023
85054
85123
85140
85160
85163
85213
85236
85248
85269
85305
85320
85335
85410
85416
85458
85487
85497
85502
85505
85510
85517
85557
85598
85603
85639
85645
85662
85679
85681
85683
85686
85728
85731
85735
85750
85763
85811
85819
85870
85881
85978
85983
86018
86034
86037
86052
86055
86115
86153
86236
86258
86295
86300
86329
86330
86338
86344
86378
86379
86389
86436
86443
86471
86479
86499
86511
86514
86546
86549
86602
86608
86636
86655
86671
86697
86715
86724
86725
86731
86756
86771
86789
86825
86851
86853
86865
86891
86908
86938
86990
86995
87020
87101
87110
87117
87119
87130
87145
87147
87160
87178
87245
87247
87256
87262
87267
87272
87301
87313
87314
87317
87326
87330
87363
87378
87382
87413
87423
87438
87443
87444
87447
87465
87470
87502
87506
87519
87533
87567
87593
87606
87608
87609
87625
87644
87672
87680
87682
87709
87715
87716
87737
87740
87749
87751
87773
87826
87870
87876
87882
87899
87927
87930
87960
87964
87980
87990
87991
87996
88004
88013
88034
88036
88064
88081
88088
88098
88108
88138
88172
88173
88183
88193
88194
88200
88251
88274
88278
88283
88295
88300
88318
88324
88337
88367
88379
88384
88408
88419
88452
88456
88461
88478
88502
88515
88600
88629
88634
88635
88673
88762
88764
88782
88810
88827
88838
88850
88884
88894
88907
88917
88931
88960
88962
88987
88990
89008
89009
89018
89063
89078
89079
89095
89124
89145
89155
89160
89161
89187
89203
89254
89265
89266
89303
89328
89391
89408
89441
89497
89500
89508
89516
89546
89562
89616
89619
89622
89647
89676
89681
89684
89728
89763
89781
89784
89795
89832
89854
89857
89892
89909
89932
89934
90002
90010
90027
90044
90048
90051
90082
90085
90162
90174
90222
90240
90288
90363
90371
90394
90406
90409
90446
90448
90450
90484
90496
90563
90594
90598
90657
90659
90660
90668
90687
90691
90790
90865
90947
90948
90950
90961
90963
90975
90977
90999
91027
91028
91037
91040
91045
91046
91068
91109
91125
91145
91170
91173
91210
91229
91250
91280
91291
91340
91342
91355
91417
91480
91514
91535
91546
91553
91563
91569
91585
91609
91613
91623
91630
91689
91709
91761
91779
91817
91841
91868
91871
91892
91938
91975
91986
92019
92053
92060
92085
92100
92121
92144
92188
92207
92217
92288
92296
92299
92332
92361
92368
92386
92387
92413
92438
92464
92472
92520
92526
92527
92535
92550
92607
92634
92679
92691
92712
92737
92740
92750
92813
92844
92845
92852
92861
92961
92962
92977
93037
93061
93067
93098
93128
93133
93137
93148
93167
93183
93222
93225
93256
93324
93430
93435
93445
93490
93528
93531
93534
93553
93572
93583
93602
93615
93715
93720
93738
93764
93805
93856
93868
93873
93920
93934
93956
93994
94035
94085
94090
94096
94109
94140
94184
94190
94195
94219
94244
94305
94337
94347
94408
94411
94425
94429
94435
94441
94450
94497
94521
94589
94606
94616
94621
94674
94693
94753
94800
94814
94827
94858
94868
94904
94932
94938
95013
95064
95088
95113
95116
95153
95154
95195
95199
95239
95258
95288
95301
95373
95386
95390
95409
95411
95429
95432
95449
95457
95461
95485
95530
95535
95566
95652
95677
95688
95700
156532
159029
159034
160740
162987
164765
165843
166525
170859
171171
171893
172064
172299
173001
175941
176217
176689
179666
182349
182531
188093
188460
188912
189816
190632
191107
191553
191904
192398
198742
200205
202201
205774
205822
207180
207404
210126
211271
211614
213386
214431
216059
216387
218940
220497
224717
225458
228753
229169
230020
230461
230908
232382
233737
241066
243343
245875
246024
248044
248046
248053
248054
248056
248057
248068
248070
248071
248076
