0
1
2
3
4
5
6
7
8
9
10
11
12
13
14
15
16
17
18
19
20
21
22
23
24
25
26
27
28
29
30
31
32
33
34
35
36
37
38
39
40
41
42
43
44
45
46
47
48
49
50
51
52
53
54
55
56
57
58
59
60
61
62
63
64
65
66
67
68
69
70
71
72
73
74
75
76
77
78
79
80
81
82
83
84
85
86
87
88
89
90
91
92
93
197
198
220
256
257
258
259
260
261
262
263
264
265
266
267
268
269
271
272
273
274
275
276
277
278
279
280
281
283
284
285
286
287
288
290
291
292
293
294
295
296
298
299
300
301
302
303
304
305
306
307
308
309
310
311
312
313
314
315
316
318
320
321
322
323
324
325
326
327
328
330
331
332
333
334
335
336
337
338
339
341
342
343
344
345
346
347
348
349
350
351
353
354
355
356
357
358
359
360
361
362
363
364
365
366
367
368
369
370
371
374
375
378
379
380
381
382
383
385
386
387
388
390
391
393
395
396
397
398
400
401
402
403
406
408
409
410
411
413
414
415
416
417
419
420
421
423
424
426
427
428
429
430
434
435
436
437
438
439
440
442
443
445
446
447
448
449
452
453
456
457
458
460
461
462
463
464
466
467
469
470
471
472
473
474
475
476
477
478
479
482
483
485
486
487
488
490
491
492
493
494
496
497
498
499
503
504
505
506
508
510
511
512
513
514
516
517
519
520
522
523
524
528
529
532
533
535
536
537
539
541
542
547
548
549
550
552
553
554
557
558
559
560
561
562
563
564
565
567
568
569
571
572
574
575
577
578
579
580
581
585
586
587
588
589
591
592
593
594
596
599
600
602
605
606
611
613
615
620
622
623
625
627
628
629
630
631
632
633
635
636
638
639
640
641
642
643
646
648
652
653
656
659
660
662
663
668
669
670
671
673
674
675
678
679
680
681
682
684
685
686
687
689
691
692
694
695
696
697
698
701
703
704
706
707
709
710
713
714
716
717
721
722
723
724
726
727
729
730
731
732
733
735
736
737
738
739
742
743
745
746
747
748
751
753
759
760
761
762
763
765
766
767
770
776
777
778
781
782
783
784
785
787
788
789
791
793
794
795
797
799
802
803
804
805
806
807
809
810
812
813
815
816
818
819
823
826
829
830
832
833
834
835
836
837
841
842
843
846
847
848
849
850
851
853
854
860
864
866
867
868
869
871
874
875
877
879
880
881
883
884
886
887
888
890
892
895
896
898
899
900
901
902
903
905
906
908
911
912
913
914
916
917
918
919
920
921
922
923
925
926
927
930
931
935
938
939
940
942
944
946
948
949
950
951
955
957
958
959
960
965
967
971
972
973
974
975
976
977
978
980
981
982
984
986
988
992
993
995
997
998
999
1000
1002
1004
1005
1006
1010
1011
1014
1015
1017
1019
1020
1021
1022
1025
1028
1029
1030
1032
1034
1035
1039
1040
1043
1048
1049
1052
1053
1054
1056
1058
1059
1060
1061
1062
1063
1064
1065
1066
1067
1070
1074
1076
1077
1079
1081
1083
1085
1086
1088
1089
1090
1091
1092
1094
1095
1097
1098
1102
1103
1104
1105
1110
1112
1113
1114
1117
1118
1120
1121
1123
1126
1132
1133
1134
1137
1139
1140
1141
1142
1143
1144
1146
1148
1149
1151
1152
1153
1156
1159
1160
1163
1165
1167
1170
1172
1174
1176
1178
1179
1182
1184
1189
1193
1194
1196
1199
1200
1201
1202
1203
1204
1206
1209
1210
1211
1212
1217
1220
1221
1224
1227
1228
1234
1235
1236
1238
1240
1242
1243
1245
1246
1248
1249
1250
1253
1254
1255
1257
1258
1259
1261
1262
1264
1265
1267
1269
1271
1272
1275
1277
1278
1280
1283
1284
1287
1288
1289
1290
1293
1299
1301
1302
1303
1304
1306
1307
1308
1310
1313
1314
1315
1316
1318
1320
1321
1323
1324
1325
1328
1330
1331
1332
1333
1334
1335
1340
1341
1343
1344
1345
1347
1349
1350
1352
1354
1355
1358
1360
1361
1362
1364
1365
1367
1368
1370
1371
1373
1375
1379
1380
1381
1385
1386
1387
1391
1393
1394
1395
1396
1401
1402
1404
1406
1407
1411
1412
1414
1417
1420
1423
1425
1426
1428
1429
1433
1436
1438
1439
1440
1441
1442
1443
1445
1446
1448
1449
1452
1453
1455
1457
1458
1463
1466
1467
1469
1471
1472
1473
1478
1479
1481
1483
1484
1485
1494
1495
1496
1500
1502
1503
1509
1510
1511
1514
1515
1516
1518
1519
1520
1521
1525
1527
1528
1531
1532
1533
1534
1535
1536
1537
1538
1541
1542
1543
1547
1548
1549
1550
1551
1552
1558
1560
1562
1563
1567
1572
1575
1576
1581
1584
1590
1592
1593
1597
1599
1602
1603
1605
1607
1608
1609
1610
1611
1617
1618
1619
1620
1622
1623
1627
1630
1631
1633
1634
1635
1638
1639
1643
1644
1648
1650
1651
1652
1653
1654
1655
1657
1658
1661
1662
1665
1666
1667
1669
1671
1673
1674
1675
1676
1679
1680
1681
1682
1684
1685
1686
1689
1690
1691
1693
1696
1698
1705
1707
1711
1714
1715
1716
1718
1719
1721
1722
1723
1724
1727
1728
1730
1732
1733
1734
1741
1742
1744
1745
1748
1749
1752
1753
1754
1756
1757
1760
1761
1762
1763
1764
1765
1767
1770
1771
1777
1779
1782
1783
1785
1786
1787
1788
1791
1792
1793
1794
1795
1797
1801
1802
1803
1806
1807
1809
1811
1814
1817
1818
1821
1822
1824
1825
1826
1828
1829
1830
1831
1833
1835
1844
1845
1846
1848
1849
1851
1852
1855
1856
1857
1864
1865
1866
1869
1870
1873
1876
1877
1879
1881
1889
1890
1891
1892
1897
1898
1899
1901
1902
1904
1906
1908
1911
1916
1918
1919
1924
1925
1926
1927
1928
1931
1932
1940
1941
1942
1943
1945
1946
1947
1950
1951
1953
1954
1957
1958
1959
1960
1965
1966
1967
1968
1970
1971
1973
1975
1977
1985
1987
1989
1990
1992
1993
1994
1996
1999
2000
2002
2007
2009
2011
2012
2014
2017
2018
2020
2021
2022
2028
2036
2037
2044
2047
2048
2050
2053
2054
2058
2059
2060
2061
2064
2068
2069
2070
2072
2073
2074
2075
2076
2077
2078
2080
2081
2083
2084
2085
2086
2089
2094
2099
2100
2106
2107
2109
2112
2114
2117
2119
2123
2124
2127
2129
2131
2133
2134
2135
2136
2138
2140
2143
2144
2149
2150
2152
2153
2158
2160
2163
2164
2166
2168
2171
2173
2174
2179
2184
2186
2190
2191
2193
2195
2197
2198
2200
2204
2205
2206
2208
2212
2215
2217
2222
2227
2228
2231
2233
2234
2235
2241
2243
2246
2250
2251
2254
2255
2257
2258
2260
2261
2262
2266
2267
2270
2271
2272
2275
2278
2279
2282
2288
2291
2294
2297
2298
2302
2306
2308
2309
2311
2312
2313
2315
2316
2318
2319
2323
2324
2325
2332
2333
2334
2336
2338
2342
2343
2348
2349
2353
2354
2355
2357
2359
2361
2368
2369
2374
2376
2378
2379
2381
2387
2388
2390
2392
2393
2394
2397
2400
2406
2407
2408
2410
2412
2413
2420
2423
2424
2426
2428
2429
2434
2437
2438
2442
2444
2446
2448
2450
2452
2456
2458
2459
2467
2468
2471
2472
2475
2477
2480
2481
2482
2483
2484
2487
2488
2491
2492
2493
2496
2499
2501
2503
2506
2507
2508
2510
2512
2513
2515
2516
2518
2519
2526
2528
2530
2532
2534
2538
2540
2542
2543
2548
2551
2552
2554
2556
2557
2559
2560
2561
2562
2564
2569
2571
2572
2573
2574
2577
2581
2582
2583
2586
2587
2589
2590
2592
2594
2597
2599
2600
2602
2604
2610
2612
2614
2615
2622
2629
2632
2634
2639
2640
2641
2643
2646
2649
2653
2659
2660
2661
2662
2663
2665
2666
2670
2673
2674
2675
2680
2683
2685
2686
2691
2695
2697
2699
2702
2704
2705
2706
2708
2713
2715
2716
2717
2719
2721
2723
2725
2730
2731
2733
2736
2737
2738
2741
2743
2747
2757
2759
2763
2772
2774
2777
2781
2784
2785
2786
2787
2789
2790
2791
2792
2793
2794
2797
2798
2800
2801
2803
2805
2809
2817
2818
2820
2822
2823
2829
2830
2835
2836
2839
2842
2843
2844
2845
2846
2847
2849
2850
2852
2857
2860
2861
2864
2867
2870
2871
2876
2877
2879
2880
2891
2892
2894
2896
2900
2902
2904
2905
2909
2911
2912
2913
2914
2918
2922
2923
2926
2928
2929
2932
2933
2937
2942
2943
2944
2945
2948
2949
2950
2951
2953
2957
2958
2961
2962
2964
2967
2969
2971
2972
2974
2977
2980
2984
2985
2987
2993
2996
2997
2998
3002
3005
3008
3009
3010
3015
3016
3018
3019
3022
3024
3026
3033
3034
3035
3040
3041
3042
3043
3047
3048
3049
3050
3051
3052
3054
3058
3059
3061
3063
3067
3069
3074
3075
3079
3081
3082
3084
3085
3086
3087
3088
3090
3092
3095
3101
3102
3106
3108
3109
3111
3118
3122
3127
3129
3131
3133
3134
3136
3138
3140
3145
3146
3147
3150
3151
3152
3158
3160
3163
3164
3165
3166
3173
3175
3179
3181
3186
3187
3191
3192
3193
3196
3197
3198
3200
3203
3212
3213
3219
3222
3224
3231
3232
3233
3234
3238
3242
3244
3246
3252
3254
3256
3269
3273
3274
3276
3278
3282
3284
3286
3289
3291
3294
3295
3296
3297
3300
3302
3305
3307
3309
3310
3311
3312
3314
3315
3325
3328
3330
3332
3335
3336
3337
3340
3343
3348
3349
3354
3357
3359
3361
3362
3364
3369
3371
3374
3376
3377
3380
3381
3382
3384
3387
3388
3391
3393
3394
3398
3402
3403
3404
3405
3421
3423
3425
3429
3430
3431
3433
3434
3436
3437
3438
3439
3442
3443
3445
3447
3449
3451
3456
3459
3462
3464
3466
3467
3470
3476
3480
3481
3482
3488
3491
3494
3495
3496
3497
3499
3500
3501
3506
3510
3512
3513
3515
3519
3520
3521
3523
3524
3525
3531
3533
3535
3544
3545
3550
3553
3555
3556
3558
3559
3564
3566
3568
3573
3574
3575
3577
3578
3579
3580
3584
3586
3587
3591
3595
3600
3614
3619
3620
3622
3625
3631
3634
3636
3637
3639
3641
3644
3645
3648
3655
3658
3662
3664
3665
3667
3668
3669
3676
3677
3678
3679
3682
3683
3689
3693
3696
3697
3701
3708
3710
3712
3715
3719
3720
3721
3722
3725
3726
3727
3728
3733
3736
3738
3740
3741
3743
3745
3746
3749
3750
3752
3753
3756
3757
3758
3759
3765
3766
3768
3771
3772
3778
3787
3793
3795
3796
3798
3799
3808
3809
3813
3817
3833
3835
3842
3843
3845
3855
3856
3858
3860
3874
3878
3882
3883
3886
3889
3892
3895
3897
3903
3906
3912
3913
3915
3921
3926
3928
3929
3930
3932
3934
3935
3938
3942
3944
3946
3949
3950
3951
3955
3956
3960
3962
3964
3967
3976
3980
3983
3988
3989
3992
3993
4000
4001
4003
4004
4005
4006
4009
4011
4013
4019
4021
4025
4034
4037
4038
4043
4045
4047
4048
4050
4051
4054
4055
4058
4059
4060
4062
4067
4071
4072
4074
4081
4087
4089
4091
4093
4097
4098
4100
4101
4104
4106
4108
4109
4119
4120
4125
4129
4131
4133
4138
4139
4143
4145
4147
4152
4158
4161
4162
4165
4166
4167
4168
4169
4173
4177
4180
4181
4182
4185
4191
4193
4197
4202
4203
4205
4206
4207
4210
4211
4216
4217
4220
4221
4222
4224
4225
4229
4233
4234
4237
4238
4240
4241
4242
4243
4244
4249
4252
4262
4265
4268
4273
4274
4275
4276
4277
4282
4289
4291
4293
4303
4306
4307
4309
4314
4317
4322
4324
4325
4327
4334
4341
4342
4343
4344
4345
4346
4350
4361
4362
4364
4368
4370
4374
4377
4380
4384
4391
4393
4394
4396
4406
4416
4417
4422
4424
4425
4426
4429
4430
4431
4433
4434
4435
4436
4437
4441
4442
4448
4451
4456
4457
4462
4463
4466
4469
4471
4472
4473
4478
4480
4482
4486
4487
4490
4493
4494
4497
4501
4502
4505
4508
4516
4520
4523
4528
4530
4531
4534
4535
4536
4537
4546
4549
4556
4557
4560
4561
4562
4563
4565
4566
4570
4573
4581
4587
4590
4592
4595
4598
4599
4603
4609
4612
4613
4618
4619
4620
4621
4623
4625
4633
4637
4639
4643
4657
4660
4661
4670
4671
4673
4679
4680
4682
4687
4688
4691
4692
4694
4699
4702
4706
4711
4713
4714
4716
4718
4719
4722
4732
4744
4745
4747
4748
4749
4752
4754
4757
4758
4759
4762
4763
4771
4772
4774
4775
4778
4779
4780
4786
4791
4792
4794
4795
4796
4799
4800
4801
4805
4808
4821
4826
4829
4842
4848
4851
4860
4862
4865
4868
4873
4874
4876
4878
4880
4881
4884
4885
4886
4890
4891
4898
4906
4911
4912
4916
4918
4922
4924
4928
4933
4935
4936
4939
4941
4942
4944
4945
4946
4947
4954
4955
4956
4961
4965
4967
4968
4971
4973
4979
4980
4981
4989
4990
4994
4997
5001
5003
5008
5009
5010
5015
5016
5019
5020
5022
5024
5031
5036
5037
5038
5039
5046
5048
5058
5059
5062
5064
5069
5070
5071
5072
5073
5076
5078
5081
5084
5095
5097
5098
5099
5106
5111
5112
5116
5117
5119
5121
5122
5125
5126
5128
5129
5132
5134
5136
5137
5138
5140
5141
5144
5146
5148
5149
5150
5154
5157
5158
5161
5164
5165
5170
5171
5174
5176
5177
5181
5183
5187
5192
5197
5199
5200
5201
5202
5203
5208
5212
5213
5215
5216
5218
5222
5223
5224
5225
5226
5228
5236
5237
5242
5246
5251
5252
5254
5255
5257
5262
5263
5272
5275
5278
5281
5283
5284
5285
5289
5291
5292
5303
5304
5305
5306
5307
5308
5322
5323
5324
5326
5327
5331
5332
5334
5339
5340
5344
5346
5348
5350
5351
5353
5354
5359
5362
5363
5365
5368
5372
5373
5374
5375
5376
5378
5384
5391
5394
5396
5401
5404
5406
5407
5409
5414
5416
5417
5426
5428
5433
5434
5435
5436
5437
5443
5447
5449
5454
5457
5458
5460
5461
5467
5468
5469
5471
5478
5480
5484
5486
5488
5490
5491
5492
5495
5497
5499
5500
5502
5506
5508
5509
5511
5515
5517
5527
5529
5530
5531
5533
5536
5553
5555
5557
5558
5559
5560
5565
5568
5576
5578
5579
5585
5586
5590
5593
5599
5600
5602
5604
5608
5610
5611
5614
5617
5620
5621
5628
5629
5636
5637
5638
5639
5642
5645
5646
5653
5657
5658
5666
5667
5668
5673
5674
5675
5683
5685
5691
5715
5721
5722
5728
5730
5732
5733
5734
5736
5737
5738
5741
5743
5748
5751
5752
5758
5759
5770
5771
5774
5775
5777
5780
5781
5786
5787
5789
5790
5792
5799
5803
5807
5816
5817
5822
5832
5836
5837
5839
5846
5854
5855
5860
5861
5868
5871
5876
5878
5887
5889
5893
5894
5895
5902
5904
5909
5910
5911
5915
5916
5917
5920
5924
5927
5939
5944
5945
5951
5952
5953
5955
5956
5959
5960
5972
5978
5979
5982
5983
5986
5987
5996
6000
6004
6007
6009
6012
6015
6018
6020
6024
6025
6027
6030
6031
6039
6040
6042
6047
6052
6060
6061
6064
6066
6068
6078
6081
6082
6090
6103
6108
6113
6117
6122
6125
6126
6129
6130
6133
6136
6144
6145
6146
6147
6149
6150
6157
6171
6177
6179
6184
6186
6189
6196
6198
6199
6202
6206
6209
6212
6214
6220
6228
6241
6243
6248
6249
6250
6251
6256
6257
6261
6268
6276
6277
6282
6283
6297
6298
6301
6302
6304
6305
6320
6323
6325
6326
6327
6330
6333
6334
6336
6339
6342
6343
6354
6364
6365
6369
6378
6381
6403
6406
6411
6418
6420
6430
6435
6436
6447
6450
6452
6454
6456
6459
6463
6469
6473
6481
6483
6486
6487
6489
6498
6505
6507
6513
6516
6518
6521
6522
6523
6526
6527
6532
6533
6536
6546
6547
6560
6564
6568
6570
6572
6575
6576
6592
6594
6596
6599
6602
6608
6609
6620
6622
6629
6631
6632
6633
6635
6642
6643
6645
6647
6648
6649
6656
6662
6663
6666
6667
6669
6673
6676
6677
6679
6681
6686
6687
6689
6694
6696
6701
6702
6704
6707
6711
6725
6738
6742
6744
6745
6746
6747
6750
6761
6763
6768
6784
6795
6811
6813
6816
6817
6829
6830
6833
6835
6836
6843
6844
6847
6849
6857
6862
6869
6879
6881
6889
6891
6892
6898
6900
6902
6903
6905
6907
6915
6916
6918
6922
6925
6928
6937
6942
6948
6951
6952
6957
6961
6964
6966
6969
6970
6971
6972
6974
6979
6980
6982
6983
6986
6992
6995
6999
7003
7006
7008
7009
7014
7016
7018
7019
7021
7025
7026
7031
7032
7033
7035
7042
7049
7055
7056
7058
7062
7066
7072
7073
7075
7077
7081
7082
7087
7090
7092
7095
7101
7102
7106
7107
7111
7116
7123
7125
7130
7131
7135
7136
7139
7141
7148
7154
7157
7162
7164
7167
7174
7176
7187
7189
7192
7199
7202
7210
7214
7222
7225
7227
7230
7241
7245
7246
7248
7249
7250
7252
7260
7262
7263
7278
7279
7289
7294
7297
7298
7308
7318
7320
7321
7322
7324
7334
7345
7346
7351
7353
7354
7359
7365
7368
7370
7374
7376
7377
7385
7387
7391
7392
7396
7402
7407
7408
7409
7415
7419
7424
7427
7428
7434
7440
7444
7449
7450
7461
7462
7463
7465
7466
7472
7477
7478
7481
7484
7496
7499
7500
7515
7526
7530
7532
7533
7544
7545
7547
7551
7552
7559
7560
7561
7563
7566
7571
7575
7584
7586
7587
7594
7596
7598
7602
7606
7612
7615
7616
7620
7621
7624
7626
7628
7629
7634
7635
7636
7644
7652
7653
7658
7660
7663
7664
7677
7683
7685
7686
7694
7698
7700
7701
7709
7718
7728
7729
7731
7739
7749
7752
7757
7767
7772
7776
7782
7786
7787
7788
7789
7790
7791
7794
7799
7800
7807
7810
7813
7815
7821
7824
7825
7827
7832
7833
7834
7836
7840
7848
7854
7869
7872
7873
7875
7888
7890
7891
7898
7899
7900
7902
7912
7916
7917
7918
7920
7922
7929
7936
7937
7941
7943
7944
7947
7948
7949
7960
7966
7968
7972
7976
7980
7990
7993
7994
8007
8010
8015
8016
8017
8019
8020
8028
8029
8030
8032
8033
8034
8038
8044
8058
8059
8060
8064
8068
8070
8074
8075
8077
8078
8096
8097
8099
8102
8103
8112
8119
8123
8125
8127
8129
8132
8139
8147
8150
8153
8154
8155
8156
8159
8161
8168
8169
8172
8187
8189
8198
8205
8207
8210
8211
8213
8214
8217
8221
8222
8225
8232
8236
8239
8240
8251
8255
8259
8263
8265
8268
8280
8281
8286
8298
8300
8303
8307
8309
8310
8313
8317
8318
8319
8334
8339
8340
8341
8347
8348
8351
8363
8373
8378
8379
8386
8387
8390
8395
8403
8404
8410
8412
8418
8422
8427
8428
8429
8434
8436
8445
8451
8454
8457
8462
8466
8469
8472
8474
8476
8478
8481
8483
8484
8489
8503
8507
8509
8516
8530
8532
8553
8556
8557
8563
8566
8570
8574
8597
8598
8602
8606
8610
8612
8613
8614
8616
8618
8626
8631
8635
8636
8644
8646
8651
8655
8658
8661
8670
8677
8678
8680
8685
8692
8694
8695
8699
8705
8708
8712
8725
8728
8732
8735
8741
8742
8753
8754
8757
8760
8761
8771
8772
8798
8805
8808
8820
8821
8827
8829
8833
8836
8844
8845
8850
8852
8863
8866
8868
8869
8871
8873
8882
8884
8888
8892
8901
8905
8906
8913
8914
8915
8924
8928
8931
8933
8934
8943
8948
8953
8955
8956
8960
8962
8973
8976
8977
8978
8979
8981
8984
8985
8987
8990
8991
8992
8996
8997
9009
9010
9012
9019
9023
9026
9028
9034
9037
9038
9039
9040
9042
9046
9064
9066
9067
9069
9071
9079
9082
9087
9089
9093
9094
9097
9100
9101
9103
9109
9110
9116
9123
9141
9146
9147
9150
9153
9155
9159
9163
9167
9176
9178
9186
9189
9191
9192
9197
9200
9201
9202
9205
9209
9212
9213
9215
9221
9222
9226
9233
9235
9238
9239
9251
9253
9255
9262
9264
9272
9280
9283
9284
9287
9290
9301
9306
9307
9310
9321
9325
9328
9337
9341
9344
9345
9351
9360
9363
9366
9367
9371
9373
9376
9381
9385
9386
9393
9398
9399
9400
9409
9410
9411
9412
9415
9416
9417
9425
9427
9428
9431
9434
9447
9455
9461
9463
9466
9468
9469
9471
9476
9481
9485
9495
9496
9497
9500
9502
9516
9526
9529
9536
9537
9538
9542
9543
9546
9571
9575
9576
9581
9583
9584
9585
9586
9590
9596
9599
9609
9612
9626
9627
9637
9638
9640
9641
9646
9655
9663
9665
9679
9687
9688
9697
9699
9703
9705
9709
9714
9721
9722
9727
9731
9734
9737
9738
9743
9747
9749
9750
9761
9766
9770
9774
9775
9779
9781
9788
9801
9802
9816
9830
9831
9834
9845
9848
9849
9853
9858
9865
9867
9878
9879
9884
9885
9888
9889
9896
9907
9909
9919
9923
9928
9933
9936
9947
9951
9954
9956
9964
9966
9969
9970
9974
9976
9979
9981
9989
9992
10002
10014
10020
10024
10027
10028
10031
10034
10039
10052
10060
10065
10082
10083
10085
10087
10092
10095
10098
10102
10108
10112
10116
10121
10123
10128
10132
10134
10146
10152
10156
10159
10160
10162
10184
10185
10188
10191
10198
10206
10209
10213
10218
10220
10222
10223
10229
10231
10232
10236
10248
10269
10272
10275
10276
10278
10279
10281
10284
10286
10287
10288
10289
10295
10298
10300
10302
10304
10307
10313
10314
10315
10324
10327
10333
10337
10338
10339
10341
10342
10345
10357
10362
10365
10372
10378
10379
10381
10382
10383
10384
10390
10392
10403
10419
10420
10424
10429
10432
10433
10434
10442
10447
10457
10458
10459
10467
10470
10474
10478
10479
10480
10481
10484
10485
10487
10492
10494
10501
10502
10503
10504
10512
10515
10524
10530
10534
10535
10539
10540
10545
10553
10562
10573
10578
10582
10583
10592
10596
10598
10604
10612
10615
10621
10624
10625
10630
10633
10634
10636
10639
10649
10658
10660
10662
10665
10672
10673
10674
10677
10684
10686
10694
10695
10696
10698
10705
10706
10708
10711
10713
10714
10723
10729
10734
10738
10741
10743
10746
10747
10754
10756
10757
10759
10789
10793
10796
10800
10804
10806
10811
10832
10836
10839
10845
10851
10853
10866
10868
10872
10885
10886
10895
10897
10899
10912
10920
10923
10927
10930
10931
10936
10938
10949
10951
10953
10957
10964
10966
10968
10970
10977
10978
10979
10984
10993
10999
11007
11013
11018
11020
11026
11036
11039
11046
11063
11065
11069
11071
11074
11096
11112
11116
11117
11119
11121
11125
11127
11128
11135
11140
11147
11149
11158
11159
11163
11167
11171
11173
11176
11179
11181
11189
11197
11198
11205
11218
11219
11222
11227
11229
11240
11241
11244
11246
11248
11249
11250
11255
11256
11258
11261
11264
11269
11280
11291
11299
11306
11312
11317
11319
11325
11327
11330
11331
11347
11348
11356
11360
11361
11363
11378
11383
11394
11396
11399
11406
11411
11414
11421
11425
11426
11432
11436
11439
11442
11452
11454
11469
11481
11483
11484
11490
11491
11493
11500
11510
11511
11518
11519
11525
11533
11540
11541
11542
11559
11587
11591
11595
11605
11606
11607
11614
11618
11622
11639
11640
11644
11646
11650
11663
11665
11666
11668
11673
11684
11686
11688
11693
11694
11708
11717
11728
11733
11762
11767
11774
11776
11782
11785
11787
11789
11798
11799
11800
11811
11817
11823
11825
11847
11855
11857
11871
11877
11882
11883
11886
11897
11898
11900
11901
11906
11930
11932
11937
11946
11948
11949
11957
11958
11960
11963
11965
11969
11973
11977
11980
11982
11985
11988
12005
12019
12023
12034
12052
12055
12062
12071
12076
12080
12083
12088
12089
12091
12097
12102
12103
12105
12113
12119
12132
12133
12140
12143
12149
12150
12152
12153
12161
12163
12164
12167
12168
12171
12172
12182
12187
12192
12204
12208
12211
12215
12216
12217
12219
12221
12237
12239
12250
12261
12268
12272
12275
12283
12296
12300
12305
12306
12309
12316
12333
12340
12351
12366
12368
12370
12377
12389
12390
12400
12408
12410
12423
12427
12437
12443
12452
12480
12482
12483
12498
12502
12513
12524
12527
12529
12545
12548
12556
12557
12558
12559
12563
12567
12573
12581
12584
12594
12597
12604
12606
12609
12611
12616
12618
12619
12621
12624
12630
12640
12649
12654
12661
12662
12671
12678
12691
12692
12705
12707
12725
12726
12736
12741
12745
12748
12749
12755
12756
12760
12771
12784
12785
12789
12801
12805
12825
12836
12847
12849
12851
12855
12858
12867
12868
12875
12876
12877
12880
12882
12883
12889
12899
12924
12936
12937
12942
12943
12948
12952
12954
12955
12964
12969
12976
12977
12986
12994
12997
13000
13001
13002
13011
13013
13023
13026
13038
13042
13044
13048
13049
13050
13053
13066
13068
13080
13091
13092
13094
13095
13101
13102
13139
13145
13153
13158
13161
13162
13171
13183
13184
13185
13190
13200
13201
13204
13205
13209
13213
13215
13216
13218
13224
13233
13246
13248
13252
13254
13258
13259
13262
13263
13266
13274
13279
13280
13281
13290
13301
13322
13329
13330
13332
13340
13343
13351
13359
13366
13370
13387
13390
13391
13393
13398
13422
13425
13427
13434
13453
13457
13458
13468
13473
13475
13481
13497
13504
13506
13509
13514
13522
13525
13531
13533
13540
13545
13548
13550
13553
13556
13559
13560
13573
13587
13595
13596
13605
13609
13611
13613
13614
13622
13628
13640
13646
13651
13652
13657
13664
13668
13688
13690
13691
13694
13704
13707
13715
13724
13725
13734
13744
13745
13746
13749
13757
13764
13765
13766
13769
13779
13780
13786
13787
13794
13797
13808
13809
13812
13832
13834
13849
13854
13858
13864
13866
13878
13881
13884
13908
13909
13911
13914
13917
13933
13946
13948
13957
13962
13963
13966
13967
13968
13973
13982
13983
13984
13985
13992
13996
14003
14021
14031
14039
14040
14046
14051
14059
14067
14071
14086
14090
14097
14103
14107
14109
14116
14119
14137
14145
14159
14166
14178
14189
14194
14195
14197
14208
14213
14215
14236
14239
14241
14251
14255
14264
14265
14267
14274
14280
14281
14289
14292
14294
14304
14308
14311
14312
14322
14335
14344
14345
14371
14372
14384
14385
14386
14387
14392
14402
14411
14416
14420
14429
14436
14445
14449
14456
14459
14465
14468
14469
14472
14482
14503
14505
14515
14519
14520
14523
14531
14535
14542
14545
14548
14554
14573
14586
14590
14619
14625
14629
14637
14641
14648
14650
14658
14664
14682
14683
14688
14695
14705
14711
14717
14728
14733
14751
14755
14779
14783
14789
14802
14803
14809
14813
14822
14824
14830
14834
14835
14836
14854
14855
14856
14861
14864
14866
14868
14871
14872
14883
14886
14888
14890
14892
14893
14905
14923
14932
14933
14934
14943
14944
14953
14970
14971
14980
14991
14992
15006
15010
15013
15015
15016
15050
15051
15072
15078
15080
15087
15089
15093
15103
15114
15116
15132
15135
15141
15153
15162
15167
15169
15170
15176
15196
15199
15206
15214
15215
15227
15234
15236
15248
15250
15269
15275
15304
15305
15312
15313
15318
15319
15321
15328
15332
15339
15342
15344
15359
15365
15370
15373
15377
15380
15382
15384
15390
15395
15400
15402
15406
15407
15408
15411
15427
15435
15440
15445
15449
15452
15455
15462
15464
15473
15480
15484
15488
15491
15497
15501
15511
15525
15540
15545
15547
15550
15552
15569
15572
15574
15579
15593
15594
15606
15609
15615
15618
15619
15622
15623
15627
15628
15638
15645
15648
15650
15662
15667
15672
15686
15689
15696
15702
15705
15707
15710
15720
15728
15734
15756
15759
15766
15773
15781
15790
15792
15795
15796
15797
15812
15813
15814
15815
15816
15825
15827
15846
15848
15853
15862
15865
15868
15886
15891
15902
15922
15932
15933
15945
15969
15992
15999
16001
16010
16015
16016
16026
16038
16050
16058
16060
16075
16077
16086
16100
16111
16119
16122
16134
16158
16162
16168
16172
16174
16177
16184
16187
16191
16198
16201
16202
16211
16213
16236
16239
16240
16241
16243
16247
16252
16253
16254
16261
16293
16298
16336
16338
16347
16350
16359
16371
16379
16384
16386
16394
16401
16403
16417
16436
16447
16451
16456
16465
16469
16478
16508
16515
16516
16520
16526
16531
16535
16547
16549
16551
16563
16568
16575
16602
16603
16606
16622
16624
16644
16651
16674
16675
16676
16682
16683
16693
16704
16705
16713
16747
16753
16755
16757
16759
16761
16764
16775
16782
16793
16794
16799
16803
16809
16815
16838
16842
16866
16873
16874
16875
16884
16890
16899
16912
16923
16926
16947
16955
16968
16971
16975
16984
16991
17011
17028
17030
17034
17038
17058
17062
17066
17068
17084
17100
17102
17108
17111
17118
17120
17121
17132
17145
17147
17150
17158
17164
17172
17191
17212
17218
17241
17260
17268
17289
17294
17311
17312
17313
17314
17319
17340
17369
17374
17375
17391
17397
17399
17404
17430
17431
17450
17459
17462
17469
17470
17476
17498
17515
17526
17529
17532
17534
17543
17549
17550
17555
17560
17562
17566
17572
17582
17587
17590
17591
17592
17593
17598
17600
17607
17623
17627
17636
17642
17655
17657
17659
17664
17667
17668
17673
17674
17675
17679
17696
17723
17730
17742
17748
17752
17758
17761
17764
17778
17784
17787
17788
17789
17794
17809
17830
17831
17839
17840
17854
17856
17857
17861
17867
17872
17873
17878
17880
17891
17899
17900
17907
17910
17919
17936
17938
17963
17965
17977
17978
18011
18020
18029
18030
18035
18054
18059
18069
18071
18078
18082
18084
18089
18100
18112
18118
18119
18166
18169
18180
18184
18191
18211
18212
18221
18247
18261
18268
18273
18280
18285
18295
18307
18311
18336
18346
18351
18353
18364
18367
18376
18381
18390
18394
18397
18401
18411
18415
18425
18458
18462
18466
18468
18473
18484
18485
18488
18492
18499
18502
18503
18509
18510
18520
18521
18539
18541
18543
18545
18549
18555
18562
18583
18588
18597
18601
18605
18612
18615
18644
18648
18667
18683
18685
18702
18704
18709
18710
18713
18715
18716
18750
18751
18772
18776
18788
18791
18794
18810
18824
18826
18827
18830
18837
18843
18844
18847
18854
18857
18868
18879
18887
18890
18892
18894
18895
18904
18910
18912
18913
18916
18922
18923
18926
18941
18944
18948
18950
18959
18971
18975
18982
18989
18997
19005
19013
19025
19032
19043
19072
19083
19087
19088
19089
19095
19101
19110
19115
19116
19128
19129
19130
19133
19139
19150
19152
19159
19174
19186
19190
19194
19195
19208
19212
19214
19226
19229
19239
19251
19255
19278
19287
19290
19293
19294
19298
19306
19310
19315
19318
19321
19323
19364
19367
19368
19373
19387
19396
19401
19402
19405
19424
19441
19463
19468
19474
19478
19490
19515
19517
19520
19536
19573
19577
19583
19584
19585
19591
19612
19615
19633
19636
19639
19641
19652
19655
19669
19674
19680
19722
19726
19747
19753
19755
19766
19768
19776
19777
19783
19794
19809
19810
19827
19842
19852
19867
19868
19870
19872
19878
19881
19896
19900
19913
19916
19921
19936
19942
19949
19954
19959
19961
19962
19969
19974
19977
19981
19995
20002
20003
20025
20049
20050
20056
20066
20068
20105
20112
20113
20114
20123
20134
20167
20169
20174
20182
20206
20235
20244
20245
20269
20274
20282
20302
20318
20323
20335
20362
20363
20365
20376
20378
20379
20385
20388
20392
20409
20413
20428
20432
20447
20460
20465
20467
20471
20473
20480
20488
20489
20499
20508
20531
20554
20567
20600
20607
20619
20635
20646
20668
20678
20708
20713
20722
20733
20735
20738
20759
20771
20776
20791
20797
20800
20804
20808
20834
20852
20858
20863
20864
20868
20874
20875
20877
20887
20889
20923
20934
20940
20951
20952
20954
20958
20960
20971
20973
20974
20999
21001
21026
21031
21035
21050
21055
21059
21069
21079
21096
21102
21103
21106
21107
21112
21124
21144
21154
21181
21186
21241
21250
21252
21253
21254
21260
21278
21282
21291
21295
21322
21323
21343
21349
21359
21360
21369
21402
21405
21408
21419
21423
21426
21427
21435
21452
21453
21473
21482
21506
21532
21555
21563
21564
21568
21579
21604
21610
21612
21618
21624
21628
21649
21650
21661
21666
21676
21685
21693
21704
21716
21736
21756
21761
21773
21814
21826
21849
21853
21867
21869
21901
21902
21924
21945
21950
21966
21976
21979
22003
22005
22009
22016
22019
22024
22028
22054
22055
22063
22064
22076
22084
22085
22090
22095
22134
22141
22149
22151
22172
22188
22196
22221
22222
22225
22246
22257
22258
22266
22271
22285
22287
22291
22295
22305
22310
22319
22324
22327
22350
22371
22375
22379
22381
22392
22415
22419
22424
22441
22445
22446
22449
22462
22464
22468
22475
22491
22512
22524
22538
22542
22556
22562
22570
22585
22587
22594
22612
22624
22635
22651
22659
22670
22671
22678
22680
22684
22707
22728
22729
22743
22754
22756
22775
22779
22783
22806
22826
22838
22841
22843
22845
22847
22885
22902
22927
22958
22965
22966
22970
22973
22980
22981
22982
22986
22993
23012
23014
23016
23018
23022
23024
23046
23049
23065
23067
23075
23095
23098
23104
23129
23135
23141
23163
23181
23184
23185
23194
23210
23214
23233
23251
23258
23271
23277
23283
23285
23287
23290
23293
23299
23310
23311
23314
23315
23323
23331
23336
23360
23375
23396
23402
23424
23435
23443
23444
23472
23477
23478
23485
23495
23513
23546
23548
23551
23577
23615
23628
23636
23638
23648
23663
23677
23683
23693
23697
23709
23716
23735
23737
23776
23783
23810
23814
23825
23829
23853
23907
23919
23966
23967
23986
23989
24004
24006
24028
24037
24043
24053
24084
24092
24102
24151
24154
24167
24170
24186
24193
24197
24201
24207
24219
24231
24242
24280
24297
24334
24344
24346
24348
24351
24354
24358
24360
24382
24401
24403
24408
24412
24427
24459
24460
24469
24490
24502
24508
24528
24530
24531
24544
24551
24555
24566
24582
24596
24600
24603
24625
24628
24634
24638
24647
24649
24652
24668
24679
24693
24720
24722
24727
24733
24797
24817
24828
24830
24852
24862
24868
24869
24894
24903
24919
24921
24927
24938
24987
24993
25004
25018
25034
25045
25064
25083
25092
25101
25103
25116
25118
25131
25146
25147
25148
25152
25168
25170
25171
25181
25187
25204
25210
25216
25223
25255
25257
25258
25260
25264
25283
25284
25293
25322
25331
25343
25346
25353
25367
25371
25386
25402
25419
25423
25428
25434
25449
25459
25478
25487
25499
25502
25503
25516
25530
25532
25546
25549
25557
25561
25591
25616
25629
25633
25663
25667
25681
25689
25692
25697
25708
25710
25716
25718
25730
25738
25745
25756
25770
25792
25798
25805
25822
25828
25848
25857
25885
25890
25901
25903
25917
25918
25941
25949
25966
25971
25995
26014
26041
26048
26060
26065
26067
26079
26080
26098
26101
26123
26124
26126
26133
26137
26148
26156
26157
26162
26167
26168
26189
26200
26202
26204
26206
26227
26234
26253
26259
26278
26289
26291
26299
26308
26334
26336
26343
26351
26355
26370
26372
26384
26388
26404
26406
26429
26450
26463
26468
26488
26490
26502
26527
26528
26534
26547
26554
26561
26564
26569
26590
26591
26605
26612
26613
26622
26628
26651
26653
26655
26657
26661
26669
26679
26690
26699
26713
26738
26750
26753
26762
26764
26778
26801
26806
26808
26837
26841
26843
26864
26879
26894
26900
26915
26946
26952
27044
27084
27104
27130
27167
27197
27204
27222
27228
27238
27245
27288
27293
27307
27325
27327
27335
27346
27365
27372
27378
27379
27384
27391
27395
27396
27406
27420
27424
27437
27443
27467
27472
27475
27477
27502
27510
27512
27522
27533
27536
27573
27600
27608
27616
27621
27622
27625
27632
27653
27673
27686
27690
27699
27712
27718
27723
27724
27734
27738
27757
27758
27760
27841
27864
27867
27896
27900
27915
27935
27948
27984
27997
28011
28041
28044
28049
28063
28068
28097
28109
28121
28125
28136
28185
28206
28215
28217
28239
28252
28253
28258
28259
28279
28286
28301
28317
28321
28327
28336
28340
28357
28362
28392
28410
28422
28434
28449
28450
28454
28463
28471
28497
28504
28516
28530
28605
28610
28618
28627
28631
28632
28649
28659
28675
28688
28697
28717
28738
28739
28751
28767
28770
28822
28847
28853
28857
28862
28867
28873
28906
28919
28943
28949
28953
28957
28958
28998
28999
29012
29016
29017
29029
29031
29035
29064
29081
29089
29094
29103
29106
29127
29155
29157
29166
29178
29204
29211
29239
29269
29283
29293
29296
29298
29302
29310
29311
29313
29316
29321
29322
29331
29343
29369
29371
29388
29408
29415
29422
29435
29440
29443
29450
29456
29474
29492
29500
29534
29541
29542
29544
29551
29552
29554
29560
29567
29570
29584
29594
29617
29625
29648
29650
29689
29691
29715
29730
29755
29768
29796
29797
29806
29844
29850
29858
29877
29903
29913
29921
29950
29964
29997
30017
30018
30037
30038
30096
30120
30125
30138
30143
30150
30154
30172
30174
30180
30202
30218
30231
30236
30237
30252
30293
30319
30331
30364
30368
30374
30399
30406
30407
30421
30456
30470
30494
30511
30537
30561
30571
30576
30603
30634
30663
30675
30684
30688
30715
30719
30747
30749
30775
30794
30812
30851
30863
30883
30892
30909
30928
30969
30974
30976
31049
31062
31084
31086
31088
31092
31097
31100
31103
31129
31144
31147
31153
31209
31244
31251
31255
31262
31265
31314
31324
31338
31349
31355
31358
31363
31392
31456
31467
31483
31489
31490
31505
31509
31517
31530
31544
31552
31564
31589
31600
31621
31626
31654
31656
31659
31671
31686
31695
31713
31720
31724
31725
31766
31781
31788
31789
31826
31838
31846
31875
31886
31901
31902
31930
31935
31961
31975
31978
31979
31984
31997
32002
32015
32045
32052
32061
32071
32129
32147
32157
32224
32237
32260
32271
32280
32282
32288
32303
32304
32335
32354
32387
32412
32439
32449
32453
32462
32471
32497
32508
32523
32524
32554
32579
32615
32625
32627
32641
32656
32675
32690
32692
32696
32713
32743
32766
32773
32783
32787
32804
32834
32848
32866
32881
32894
32897
32905
32907
32915
32916
32924
32944
32958
32974
32980
33030
33087
33093
33110
33126
33129
33159
33193
33210
33241
33271
33283
33303
33310
33311
33324
33331
33340
33341
33342
33356
33373
33376
33385
33388
33389
33400
33403
33413
33447
33517
33532
33539
33545
33569
33579
33586
33593
33625
33633
33639
33652
33659
33671
33686
33694
33702
33713
33735
33761
33793
33805
33811
33829
33831
33840
33877
33887
33900
33902
33915
33922
33931
33993
34021
34024
34071
34098
34105
34112
34131
34134
34174
34176
34210
34224
34232
34243
34250
34261
34283
34298
34313
34322
34344
34367
34380
34422
34426
34451
34459
34494
34526
34532
34543
34551
34555
34558
34577
34580
34586
34624
34628
34645
34646
34651
34663
34685
34755
34773
34786
34855
34915
34925
34992
34995
35000
35007
35022
35036
35037
35044
35061
35088
35114
35124
35126
35134
35138
35140
35145
35147
35157
35166
35178
35218
35221
35226
35232
35247
35274
35288
35293
35302
35386
35393
35409
35426
35464
35473
35475
35497
35504
35516
35538
35547
35551
35555
35577
35585
35590
35594
35604
35605
35614
35635
35643
35644
35655
35672
35678
35679
35691
35704
35707
35716
35718
35729
35748
35751
35778
35780
35784
35787
35821
35824
35845
35912
35920
35931
35941
35947
35956
35970
35975
35985
35988
36022
36066
36084
36098
36104
36119
36151
36182
36188
36195
36201
36202
36214
36249
36254
36265
36268
36276
36312
36343
36344
36349
36353
36367
36416
36438
36449
36453
36456
36464
36501
36526
36535
36546
36553
36571
36589
36597
36602
36610
36630
36641
36675
36703
36712
36733
36734
36749
36751
36765
36774
36794
36836
36840
36899
36940
36944
36962
36967
37020
37066
37072
37115
37116
37125
37158
37169
37182
37183
37208
37276
37309
37327
37416
37441
37457
37463
37467
37490
37592
37595
37602
37643
37707
37710
37735
37754
37761
37775
37785
37787
37794
37799
37890
37892
37916
37956
37972
37992
37998
38002
38012
38033
38045
38049
38066
38068
38076
38116
38127
38135
38155
38172
38187
38214
38245
38279
38325
38331
38372
38375
38387
38408
38425
38430
38442
38460
38489
38562
38563
38593
38598
38606
38622
38637
38641
38643
38655
38661
38663
38681
38710
38718
38729
38738
38766
38769
38775
38798
38806
38807
38817
38823
38838
38895
38906
38930
38937
39023
39037
39046
39048
39054
39072
39087
39100
39109
39129
39141
39180
39198
39204
39210
39228
39242
39249
39255
39257
39330
39335
39344
39356
39361
39380
39524
39533
39566
39588
39637
39652
39663
39678
39741
39761
39773
39811
39823
39845
39849
39866
39867
39930
39952
39968
39972
40007
40019
40022
40049
40056
40068
40084
40112
40125
40139
40148
40161
40179
40199
40203
40253
40257
40284
40309
40352
40355
40358
40372
40381
40387
40420
40453
40457
40476
40527
40528
40541
40568
40569
40576
40588
40698
40701
40718
40758
40784
40811
40823
40838
40904
40909
40912
40923
40979
40988
41009
41020
41024
41034
41042
41054
41088
41105
41108
41128
41153
41173
41179
41204
41229
41317
41332
41345
41403
41439
41489
41490
41491
41515
41534
41560
41571
41575
41578
41651
41718
41720
41764
41777
41778
41796
41836
41861
41882
41900
41933
41954
41972
41973
41982
41998
42005
42052
42078
42085
42103
42151
42159
42173
42177
42181
42199
42204
42208
42209
42216
42218
42236
42249
42367
42389
42412
42417
42449
42463
42495
42529
42598
42601
42613
42625
42634
42661
42695
42705
42707
42728
42733
42743
42750
42753
42759
42773
42836
42852
42855
42884
42897
42903
42911
42929
42962
43016
43065
43095
43101
43120
43141
43143
43161
43168
43208
43215
43245
43265
43303
43314
43318
43365
43374
43381
43388
43393
43409
43413
43414
43456
43473
43494
43499
43511
43523
43551
43555
43565
43617
43644
43668
43702
43731
43732
43765
43774
43867
43874
43876
43900
43910
43939
44066
44095
44103
44116
44119
44182
44192
44204
44212
44231
44272
44301
44305
44375
44424
44439
44474
44511
44550
44559
44564
44572
44588
44600
44639
44646
44670
44674
44675
44697
44702
44732
44776
44788
44829
44839
44868
44886
44887
44889
44900
44958
44975
44995
45035
45044
45061
45130
45161
45214
45221
45240
45283
45304
45328
45334
45344
45366
45369
45371
45374
45388
45391
45398
45427
45447
45487
45510
45531
45543
45585
45605
45691
45693
45697
45759
45811
45850
45877
45924
45933
45935
45938
45941
46004
46083
46100
46107
46108
46120
46133
46137
46170
46197
46210
46216
46227
46262
46279
46283
46323
46369
46473
46577
46591
46611
46660
46702
46734
46748
46757
46768
46773
46781
46796
46806
46833
46834
46925
46930
47029
47089
47090
47096
47131
47202
47221
47235
47241
47248
47277
47290
47338
47355
47366
47383
47389
47410
47452
47460
47493
47646
47656
47675
47688
47711
47722
47732
47733
47756
47760
47785
47789
47858
47890
47906
47914
47944
47953
47959
47960
47986
48003
48043
48057
48081
48093
48117
48119
48184
48213
48225
48232
48265
48280
48306
48310
48326
48360
48372
48382
48397
48407
48409
48470
48497
48507
48570
48595
48601
48632
48659
48675
48699
48728
48744
48753
48774
48795
48804
48818
48832
48833
48855
48905
48906
48911
48929
48964
49011
49024
49098
49125
49134
49142
49162
49198
49219
49256
49282
49288
49403
49422
49534
49558
49575
49581
49625
49639
49671
49675
49701
49760
49763
49766
49825
49826
49832
49835
49869
49878
49879
49907
49908
49948
49992
49995
49999
50004
50030
50043
50082
50098
50188
50216
50226
50245
50285
50291
50304
50312
50318
50319
50348
50390
50445
50543
50562
50572
50588
50636
50642
50657
50838
50861
50921
50940
50947
50949
50966
51012
51042
51049
51089
51102
51103
51180
51215
51220
51234
51249
51292
51319
51333
51338
51372
51401
51476
51520
51541
51556
51574
51587
51598
51620
51790
51797
51842
51874
51878
51888
51891
51908
51923
51952
51959
51960
51976
52032
52053
52119
52141
52146
52191
52240
52295
52317
52339
52340
52390
52426
52434
52444
52549
52562
52591
52611
52665
52742
52753
52783
52823
52838
52864
52865
52877
52939
52947
52954
52956
52965
52975
52984
53007
53017
53031
53077
53102
53125
53133
53140
53224
53236
53238
53269
53294
53303
53310
53337
53349
53354
53380
53412
53527
53574
53577
53609
53615
53642
53699
53708
53709
53740
53782
53810
53843
53851
53880
53923
53971
53991
53995
54003
54040
54084
54085
54099
54102
54154
54159
54195
54205
54227
54247
54275
54307
54318
54350
54383
54419
54476
54536
54551
54577
54586
54587
54589
54616
54699
54789
54791
54802
54907
54934
54953
55020
55022
55046
55074
55091
55101
55120
55196
55226
55249
55267
55274
55288
55299
55322
55375
55404
55451
55471
55559
55665
55687
55786
55810
55856
55883
55950
55968
56010
56193
56234
56250
56262
56267
56317
56320
56380
56383
56385
56397
56415
56485
56495
56511
56538
56547
56552
56582
56593
56749
56860
56867
56879
56905
56911
56986
57004
57028
57048
57063
57064
57078
57142
57150
57171
57208
57336
57409
57441
57468
57491
57496
57513
57542
57551
57559
57571
57576
57592
57596
57670
57708
57712
57764
57774
57818
57836
58017
58075
58136
58233
58267
58306
58350
58377
58400
58433
58456
58496
58581
58593
58594
58626
58647
58651
58655
58701
58716
58740
58755
58766
58883
58896
58932
58980
59056
59162
59178
59239
59286
59348
59349
59380
59418
59493
59514
59542
59610
59632
59653
59670
59717
59739
59770
59802
59930
59933
59946
59987
60002
60003
60258
60333
60346
60404
60480
60484
60485
60511
60564
60612
60796
60854
60881
60922
61030
61055
61058
61079
61103
61153
61154
61191
61209
61274
61369
61409
61444
61476
61478
61485
61571
61604
61610
61620
61646
61678
61686
61744
61752
61758
61770
61781
61816
61819
61846
61862
61879
61889
61911
61932
61946
61956
62024
62043
62070
62138
62196
62197
62345
62414
62462
62469
62517
62579
62626
62639
62691
62696
62762
62807
62837
62957
62971
62980
62985
63113
63165
63175
63192
63232
63277
63307
63350
63368
63375
63393
63396
63442
63471
63520
63544
63548
63559
63656
63690
63727
63754
63770
63872
63893
63908
63990
64021
64042
64057
64070
64133
64173
64179
64241
64258
64277
64319
64335
64395
64399
64425
64476
64485
64489
64538
64561
64635
64662
64700
64734
64756
64778
64811
64836
64838
64889
64913
64915
64941
65032
65079
65092
65184
65201
65205
65244
65305
65319
65342
65406
65439
65446
65473
65630
65655
65838
65885
65902
65909
65932
65950
65961
65972
66052
66074
66329
66366
66394
66420
66460
66469
66474
66536
66550
66576
66580
66583
66590
66606
66622
66636
66706
66762
66773
66793
66885
66979
66983
67095
67113
67126
67194
67230
67272
67334
67375
67499
67572
67575
67577
67590
67635
67639
67724
67745
67885
67896
67929
67981
68008
68022
68118
68126
68163
68208
68282
68312
68313
68327
68359
68414
68473
68508
68565
68572
68600
68672
68710
68743
68769
68777
68797
68887
68891
68894
68904
68914
68925
68947
68957
69006
69033
69061
69084
69268
69293
69295
69355
69382
69402
69429
69441
69464
69467
69475
69499
69517
69567
69574
69628
69725
69764
69777
69798
69882
69892
69938
69945
69961
69977
70092
70093
70123
70150
70157
70238
70255
70267
70307
70338
70381
70383
70416
70457
70494
70500
70521
70534
70577
70755
70818
70821
70825
70860
70886
70948
70950
70953
71039
71053
71062
71093
71094
71141
71142
71164
71196
71230
71376
71387
71422
71483
71492
71496
71520
71534
71570
71590
71621
71647
71715
71741
71755
71761
71786
71862
71875
71877
71946
71989
72063
72082
72115
72160
72181
72185
72213
72216
72249
72285
72298
72346
72384
72390
72464
72550
72768
72783
72805
72870
72981
72998
73113
73118
73145
73150
73172
73206
73219
73220
73234
73246
73260
73272
73275
73343
73360
73399
73555
73560
73602
73624
73691
73709
73752
73756
73770
73779
73801
73815
73850
73858
73909
73911
73957
74055
74151
74179
74204
74320
74399
74419
74423
74451
74537
74550
74614
74635
74656
74701
74717
74830
74849
74927
74936
74988
75007
75021
75032
75108
75136
75222
75230
75237
75275
75303
75336
75415
75425
75458
75600
75625
75630
75650
75693
75717
75724
75848
75855
75862
75897
75902
76018
76051
76095
76204
76342
76366
76471
76503
76526
76531
76557
76634
76698
76709
76721
76803
76916
76926
76946
77027
77028
77036
77217
77244
77245
77255
77299
77318
77352
77380
77443
77450
77463
77626
77635
77742
77802
77881
77944
77979
77991
78012
78083
78118
78130
78208
78282
78322
78349
78359
78361
78407
78433
78503
78620
78747
78795
78827
78848
78911
78976
79021
79033
79045
79058
79156
79165
79174
79185
79210
79232
79304
79538
79584
79596
79636
79657
79703
79710
79750
79816
79830
79841
79852
79933
79962
80045
80137
80186
80189
80240
80255
80278
80313
80350
80360
80406
80524
80579
80870
80916
81003
81066
81189
81250
81280
81281
81336
81347
81350
81403
81500
81520
81541
81726
81761
81779
81787
81872
81873
81885
81929
82015
82038
82151
82358
82359
82363
82377
82384
82431
82585
82602
82637
82651
82674
82752
82756
82800
82898
82954
82984
83056
83081
83111
83245
83305
83501
83562
83639
83647
83743
83762
83804
83845
83849
83921
83964
84008
84065
84068
84189
84212
84221
84277
84384
84390
84477
84481
84640
84709
84810
84811
84828
84906
84943
85023
85054
85213
85236
85248
85335
85416
85497
85502
85505
85557
85603
85683
85686
85750
85763
85819
86018
86052
86258
86329
86338
86378
86389
86443
86471
86514
86636
86671
86891
86908
87020
87101
87119
87130
87160
87247
87272
87326
87363
87378
87423
87470
87506
87567
87625
87672
87680
87682
87715
87773
87882
87930
87980
87996
88064
88081
88088
88193
88194
88274
88300
88337
88408
88419
88456
88461
88600
88635
88827
88850
88907
88931
88960
88962
88987
88990
89078
89124
89160
89161
89254
89303
89391
89408
89441
89500
89619
89681
89781
89795
89892
89934
90010
90048
90082
90162
90174
90240
90288
90363
90371
90394
90406
90448
90496
90563
90594
90668
90963
90977
90999
91028
91046
91109
91280
91340
91355
91563
91585
91609
91613
91623
91630
91817
91975
92085
92188
92217
92288
92413
92520
92526
92550
92712
92740
92844
92861
93067
93098
93128
93133
93148
93256
93445
93531
93534
93553
93572
93720
93738
93868
93873
94096
94140
94184
94425
94429
94441
94497
94589
94606
94674
94800
94827
95013
95153
95288
95301
95390
95535
95566
95652
95688
156532
159029
159034
162987
175941
182349
188460
189816
190632
198742
200205
205774
218940
225458
229169
233737
248044
248046
248053
248054
248056
248057
248070
248071
248076
